                                           coef  exp(coef)  se(coef)  coef lower 95%  coef upper 95%  exp(coef) lower 95%  exp(coef) upper 95%  cmp to         z         p  -log2(p) significance
covariate                                                                                                                                                                                        
Stage_IIIA                         2.920359e-01   1.339151  0.724904       -1.128749        1.712821             0.323438             5.544580     0.0  0.402862  0.687050  0.541513             
Stage_IIB                          9.323709e-02   1.097722  0.244579       -0.386130        0.572604             0.679682             1.772877     0.0  0.381214  0.703044  0.508312             
V4652                              7.228647e-02   1.074963  0.185449       -0.291187        0.435760             0.747376             1.546138     0.0  0.389791  0.696691  0.521409             
Smoked?                            5.064555e-02   1.051950  0.179969       -0.302087        0.403378             0.739274             1.496873     0.0  0.281413  0.778394  0.361428             
Sex                                4.530251e-02   1.046344  0.161913       -0.272041        0.362646             0.761823             1.437126     0.0  0.279796  0.779634  0.359131             
Age                                3.209709e-03   1.003215  0.008535       -0.013520        0.019939             0.986571             1.020139     0.0  0.376043  0.706885  0.500453             
Histology_Large Cell Carcinoma     4.197926e-07   1.000000  0.000623       -0.001221        0.001222             0.998780             1.001223     0.0  0.000674  0.999463  0.000776             
Adjuvant Chemo                     3.999323e-07   1.000000  0.000841       -0.001649        0.001650             0.998353             1.001651     0.0  0.000475  0.999621  0.000547             
Stage_IIIB                         3.398378e-07   1.000000  0.000505       -0.000990        0.000990             0.999011             1.000991     0.0  0.000673  0.999463  0.000775             
V17158                             2.519735e-07   1.000000  0.000374       -0.000732        0.000733             0.999268             1.000733     0.0  0.000674  0.999462  0.000776             
V10393                             2.264392e-07   1.000000  0.000433       -0.000848        0.000848             0.999152             1.000849     0.0  0.000523  0.999582  0.000602             
Stage_IIA                          2.188522e-07   1.000000  0.000425       -0.000833        0.000833             0.999168             1.000834     0.0  0.000515  0.999589  0.000593             
V10147                             1.973591e-07   1.000000  0.000307       -0.000602        0.000602             0.999399             1.000602     0.0  0.000643  0.999487  0.000740             
Race_Caucasian                     1.972247e-07   1.000000  0.000295       -0.000578        0.000578             0.999422             1.000578     0.0  0.000669  0.999466  0.000770             
V12279                             1.842862e-07   1.000000  0.000275       -0.000539        0.000540             0.999461             1.000540     0.0  0.000670  0.999466  0.000771             
V8721                              1.685385e-07   1.000000  0.000264       -0.000517        0.000517             0.999483             1.000518     0.0  0.000639  0.999490  0.000735             
V12352                             1.580997e-07   1.000000  0.000325       -0.000638        0.000638             0.999363             1.000638     0.0  0.000486  0.999612  0.000559             
V4281                              1.547407e-07   1.000000  0.000370       -0.000726        0.000726             0.999275             1.000726     0.0  0.000418  0.999667  0.000481             
V4336                              1.469833e-07   1.000000  0.000265       -0.000519        0.000519             0.999481             1.000519     0.0  0.000555  0.999557  0.000639             
V39                                1.448024e-07   1.000000  0.000260       -0.000509        0.000509             0.999491             1.000509     0.0  0.000557  0.999555  0.000642             
Stage_II                           1.399144e-07   1.000000  0.000213       -0.000417        0.000417             0.999583             1.000417     0.0  0.000658  0.999475  0.000758             
V3918                              1.191085e-07   1.000000  0.000249       -0.000488        0.000488             0.999512             1.000488     0.0  0.000478  0.999618  0.000551             
V17687                             1.186423e-07   1.000000  0.000305       -0.000598        0.000598             0.999403             1.000598     0.0  0.000389  0.999690  0.000448             
Histology_Squamous Cell Carcinoma  1.170462e-07   1.000000  0.000188       -0.000368        0.000368             0.999632             1.000368     0.0  0.000624  0.999502  0.000718             
V4686                              1.162819e-07   1.000000  0.000195       -0.000381        0.000382             0.999619             1.000382     0.0  0.000598  0.999523  0.000688             
V16606                             1.147975e-07   1.000000  0.000180       -0.000352        0.000352             0.999648             1.000352     0.0  0.000639  0.999490  0.000736             
V1278                              1.142216e-07   1.000000  0.000240       -0.000469        0.000470             0.999531             1.000470     0.0  0.000477  0.999620  0.000549             
V20976                             1.140925e-07   1.000000  0.000171       -0.000336        0.000336             0.999664             1.000336     0.0  0.000666  0.999469  0.000766             
V21280                             1.090217e-07   1.000000  0.000166       -0.000325        0.000326             0.999675             1.000326     0.0  0.000656  0.999476  0.000756             
V8485                              9.023692e-08   1.000000  0.000194       -0.000380        0.000380             0.999621             1.000380     0.0  0.000466  0.999628  0.000536             
V6967                              8.600071e-08   1.000000  0.000137       -0.000269        0.000269             0.999731             1.000269     0.0  0.000627  0.999500  0.000721             
V1516                              8.096096e-08   1.000000  0.000162       -0.000317        0.000317             0.999683             1.000317     0.0  0.000501  0.999600  0.000577             
V10299                             7.829010e-08   1.000000  0.000147       -0.000288        0.000288             0.999712             1.000288     0.0  0.000533  0.999575  0.000614             
V10358                             7.661647e-08   1.000000  0.000290       -0.000569        0.000569             0.999431             1.000569     0.0  0.000264  0.999790  0.000304             
V18946                             7.458888e-08   1.000000  0.000153       -0.000301        0.000301             0.999699             1.000301     0.0  0.000486  0.999612  0.000560             
V9204                              7.289616e-08   1.000000  0.000284       -0.000556        0.000557             0.999444             1.000557     0.0  0.000257  0.999795  0.000296             
V6276                              6.606034e-08   1.000000  0.000104       -0.000204        0.000205             0.999796             1.000205     0.0  0.000633  0.999495  0.000729             
V19631                             6.532873e-08   1.000000  0.000115       -0.000226        0.000226             0.999774             1.000226     0.0  0.000566  0.999548  0.000652             
V8208                              6.517029e-08   1.000000  0.000102       -0.000200        0.000200             0.999800             1.000200     0.0  0.000638  0.999491  0.000735             
V16090                             6.277140e-08   1.000000  0.000175       -0.000343        0.000343             0.999657             1.000343     0.0  0.000359  0.999714  0.000413             
V1884                              6.206197e-08   1.000000  0.000111       -0.000217        0.000218             0.999783             1.000218     0.0  0.000559  0.999554  0.000644             
V17864                             6.015105e-08   1.000000  0.000092       -0.000181        0.000181             0.999819             1.000181     0.0  0.000651  0.999481  0.000749             
V16536                             5.574781e-08   1.000000  0.000151       -0.000296        0.000297             0.999704             1.000297     0.0  0.000368  0.999706  0.000424             
V12948                             4.671343e-08   1.000000  0.000211       -0.000413        0.000413             0.999587             1.000413     0.0  0.000222  0.999823  0.000255             
V5844                              4.517048e-08   1.000000  0.000116       -0.000228        0.000228             0.999772             1.000228     0.0  0.000388  0.999690  0.000447             
V17877                             4.364654e-08   1.000000  0.000085       -0.000166        0.000166             0.999834             1.000166     0.0  0.000516  0.999588  0.000594             
V11084                             3.781485e-08   1.000000  0.000057       -0.000111        0.000111             0.999889             1.000111     0.0  0.000665  0.999469  0.000766             
V6557                              3.738507e-08   1.000000  0.000060       -0.000117        0.000117             0.999883             1.000117     0.0  0.000625  0.999501  0.000719             
V18574                             3.441233e-08   1.000000  0.000167       -0.000326        0.000326             0.999674             1.000327     0.0  0.000207  0.999835  0.000238             
V11939                             3.229496e-08   1.000000  0.000084       -0.000164        0.000164             0.999836             1.000164     0.0  0.000386  0.999692  0.000444             
V9223                              3.047389e-08   1.000000  0.000193       -0.000379        0.000379             0.999621             1.000379     0.0  0.000158  0.999874  0.000181             
V8775                              2.702243e-08   1.000000  0.000083       -0.000162        0.000162             0.999838             1.000162     0.0  0.000327  0.999739  0.000376             
V8260                              2.020858e-08   1.000000  0.000062       -0.000122        0.000122             0.999878             1.000122     0.0  0.000324  0.999741  0.000373             
V3661                              1.758528e-08   1.000000  0.000188       -0.000368        0.000368             0.999632             1.000368     0.0  0.000094  0.999925  0.000108             
V4083                              1.418526e-08   1.000000  0.000185       -0.000362        0.000362             0.999638             1.000362     0.0  0.000077  0.999939  0.000088             
V11050                             1.404945e-08   1.000000  0.000256       -0.000502        0.000502             0.999498             1.000503     0.0  0.000055  0.999956  0.000063             
Stage_IB                           7.717529e-09   1.000000  0.000098       -0.000192        0.000192             0.999808             1.000192     0.0  0.000079  0.999937  0.000091             
V14913                             6.480068e-09   1.000000  0.000116       -0.000228        0.000228             0.999772             1.000228     0.0  0.000056  0.999956  0.000064             
V4736                              6.128556e-09   1.000000  0.000029       -0.000056        0.000056             0.999944             1.000056     0.0  0.000214  0.999829  0.000247             
V16555                             1.808500e-09   1.000000  0.000052       -0.000103        0.000103             0.999897             1.000103     0.0  0.000034  0.999972  0.000040             
V12374                             5.059612e-10   1.000000  0.000075       -0.000147        0.000147             0.999853             1.000147     0.0  0.000007  0.999995  0.000008             
V14296                            -2.803075e-09   1.000000  0.000103       -0.000201        0.000201             0.999799             1.000201     0.0 -0.000027  0.999978  0.000031             
V14426                            -9.489957e-09   1.000000  0.000131       -0.000256        0.000256             0.999744             1.000256     0.0 -0.000073  0.999942  0.000084             
V15192                            -1.004522e-08   1.000000  0.000082       -0.000160        0.000160             0.999840             1.000160     0.0 -0.000123  0.999902  0.000142             
V16975                            -1.222887e-08   1.000000  0.000049       -0.000096        0.000096             0.999904             1.000096     0.0 -0.000250  0.999801  0.000288             
V1632                             -1.406997e-08   1.000000  0.000106       -0.000207        0.000207             0.999793             1.000207     0.0 -0.000133  0.999894  0.000153             
V751                              -2.181966e-08   1.000000  0.000245       -0.000481        0.000481             0.999519             1.000481     0.0 -0.000089  0.999929  0.000102             
V10921                            -2.340210e-08   1.000000  0.000154       -0.000303        0.000303             0.999697             1.000303     0.0 -0.000152  0.999879  0.000175             
V13589                            -2.960383e-08   1.000000  0.000081       -0.000159        0.000159             0.999841             1.000159     0.0 -0.000364  0.999709  0.000419             
V13296                            -2.974240e-08   1.000000  0.000076       -0.000148        0.000148             0.999852             1.000148     0.0 -0.000394  0.999686  0.000453             
V1989                             -4.475317e-08   1.000000  0.000221       -0.000433        0.000433             0.999567             1.000433     0.0 -0.000202  0.999839  0.000233             
V4710                             -4.668994e-08   1.000000  0.000180       -0.000352        0.000352             0.999648             1.000352     0.0 -0.000260  0.999793  0.000299             
V16649                            -5.026051e-08   1.000000  0.000120       -0.000235        0.000234             0.999766             1.000234     0.0 -0.000420  0.999665  0.000484             
V19617                            -5.414237e-08   1.000000  0.000087       -0.000170        0.000170             0.999830             1.000170     0.0 -0.000626  0.999501  0.000720             
V19203                            -5.724209e-08   1.000000  0.000184       -0.000361        0.000360             0.999640             1.000360     0.0 -0.000311  0.999752  0.000358             
V11462                            -6.343994e-08   1.000000  0.000215       -0.000421        0.000421             0.999579             1.000421     0.0 -0.000296  0.999764  0.000340             
V15944                            -6.369536e-08   1.000000  0.000126       -0.000247        0.000247             0.999753             1.000247     0.0 -0.000505  0.999597  0.000581             
V4133                             -7.529329e-08   1.000000  0.000121       -0.000237        0.000237             0.999763             1.000237     0.0 -0.000622  0.999503  0.000717             
V12277                            -7.732749e-08   1.000000  0.000129       -0.000254        0.000253             0.999746             1.000254     0.0 -0.000598  0.999523  0.000688             
V3412                             -7.836835e-08   1.000000  0.000220       -0.000431        0.000431             0.999569             1.000431     0.0 -0.000357  0.999716  0.000410             
V5291                             -9.889874e-08   1.000000  0.000263       -0.000516        0.000516             0.999484             1.000516     0.0 -0.000376  0.999700  0.000432             
V14625                            -1.034344e-07   1.000000  0.000166       -0.000325        0.000325             0.999675             1.000325     0.0 -0.000624  0.999503  0.000718             
V4189                             -1.078978e-07   1.000000  0.000160       -0.000314        0.000314             0.999686             1.000314     0.0 -0.000673  0.999463  0.000775             
Race_Unknown                      -1.125379e-07   1.000000  0.000180       -0.000352        0.000352             0.999648             1.000352     0.0 -0.000626  0.999500  0.000721             
V15047                            -1.262281e-07   1.000000  0.000200       -0.000393        0.000393             0.999607             1.000393     0.0 -0.000630  0.999497  0.000725             
V9825                             -1.525496e-07   1.000000  0.000254       -0.000498        0.000498             0.999502             1.000498     0.0 -0.000600  0.999521  0.000691             
V9881                             -1.668569e-07   1.000000  0.000287       -0.000563        0.000563             0.999437             1.000563     0.0 -0.000581  0.999536  0.000669             
V2457                             -2.341063e-07   1.000000  0.000377       -0.000740        0.000739             0.999261             1.000739     0.0 -0.000621  0.999505  0.000715             
V13620                            -2.499165e-07   1.000000  0.000380       -0.000745        0.000744             0.999256             1.000744     0.0 -0.000658  0.999475  0.000758             
Stage_I                           -4.067791e-07   1.000000  0.000627       -0.001230        0.001229             0.998771             1.001229     0.0 -0.000649  0.999482  0.000747             
Race_White                        -6.011976e-07   0.999999  0.001062       -0.002083        0.002082             0.997919             1.002084     0.0 -0.000566  0.999548  0.000652             
Histology_Adenocarcinoma          -8.466605e-03   0.991569  0.220623       -0.440879        0.423946             0.643470             1.527979     0.0 -0.038376  0.969388  0.044854             
V14393                            -6.297178e-02   0.938970  0.240292       -0.533936        0.407993             0.586293             1.503796     0.0 -0.262063  0.793273  0.334111             
V16774                            -9.176415e-02   0.912320  0.271595       -0.624081        0.440552             0.535754             1.553565     0.0 -0.337871  0.735460  0.443281             
V8491                             -1.207851e-01   0.886224  0.192221       -0.497532        0.255961             0.608030             1.291703     0.0 -0.628365  0.529765  0.916577             
Stage_IA                          -4.288294e-01   0.651271  0.172243       -0.766420       -0.091239             0.464674             0.912800     0.0 -2.489674  0.012786  6.289286            *

Model metrics: -537.4498
0.7514

Train Concordance = 0.751
Concordance on test set = 0.658
Partial AIC = 1266.900
log-likelihood ratio test = 9.338 on 96 df
-log2(p) of ll-ratio test = -0.000