                                           coef  exp(coef)  se(coef)  coef lower 95%  coef upper 95%  exp(coef) lower 95%  exp(coef) upper 95%  cmp to         z         p  -log2(p) significance
covariate                                                                                                                                                                                        
Stage_IIIA                         2.706191e-01   1.310776  0.720906       -1.142330        1.683568             0.319075             5.384736     0.0  0.375388  0.707372  0.499459             
MSTN                               2.005933e-01   1.222128  0.408288       -0.599637        1.000823             0.549011             2.720521     0.0  0.491303  0.623212  0.682205             
Stage_IIB                          8.626214e-02   1.090092  0.243500       -0.390989        0.563513             0.676388             1.756834     0.0  0.354259  0.723144  0.467644             
Smoked?                            5.280511e-02   1.054224  0.179935       -0.299862        0.405472             0.740921             1.500010     0.0  0.293467  0.769165  0.378635             
Sex                                4.665121e-02   1.047756  0.162015       -0.270893        0.364195             0.762698             1.439355     0.0  0.287943  0.773390  0.370732             
Age                                3.398676e-03   1.003404  0.008524       -0.013308        0.020106             0.986780             1.020309     0.0  0.398708  0.690108  0.535105             
Histology_Large Cell Carcinoma     4.467745e-07   1.000000  0.000667       -0.001308        0.001308             0.998693             1.001309     0.0  0.000669  0.999466  0.000771             
Adjuvant Chemo                     3.721720e-07   1.000000  0.000722       -0.001415        0.001416             0.998586             1.001417     0.0  0.000515  0.999589  0.000593             
Stage_IIIB                         3.489929e-07   1.000000  0.000518       -0.001015        0.001016             0.998986             1.001016     0.0  0.000674  0.999462  0.000776             
Stage_IIA                          2.281790e-07   1.000000  0.000431       -0.000845        0.000845             0.999156             1.000845     0.0  0.000529  0.999578  0.000610             
Race_Caucasian                     1.991013e-07   1.000000  0.000298       -0.000584        0.000584             0.999416             1.000585     0.0  0.000668  0.999467  0.000769             
ZNF543                             1.900950e-07   1.000000  0.000351       -0.000688        0.000689             0.999312             1.000689     0.0  0.000541  0.999568  0.000623             
Stage_II                           1.528008e-07   1.000000  0.000228       -0.000447        0.000448             0.999553             1.000448     0.0  0.000669  0.999466  0.000771             
Histology_Squamous Cell Carcinoma  1.206427e-07   1.000000  0.000191       -0.000374        0.000375             0.999626             1.000375     0.0  0.000631  0.999496  0.000727             
ZNF696                             8.024030e-08   1.000000  0.000184       -0.000361        0.000361             0.999639             1.000361     0.0  0.000436  0.999652  0.000502             
IL18R1                             7.290276e-08   1.000000  0.000110       -0.000215        0.000215             0.999785             1.000215     0.0  0.000664  0.999471  0.000764             
GAGE6                              6.541159e-08   1.000000  0.000103       -0.000202        0.000202             0.999798             1.000202     0.0  0.000635  0.999493  0.000731             
BNIP1                              4.498953e-08   1.000000  0.000134       -0.000262        0.000262             0.999738             1.000262     0.0  0.000336  0.999732  0.000387             
EEF1B2                             3.816057e-08   1.000000  0.000128       -0.000251        0.000251             0.999749             1.000251     0.0  0.000298  0.999762  0.000343             
DEFB1                              3.037781e-08   1.000000  0.000047       -0.000092        0.000092             0.999908             1.000092     0.0  0.000649  0.999482  0.000747             
PTP4A1                             2.194661e-08   1.000000  0.000065       -0.000127        0.000127             0.999873             1.000127     0.0  0.000340  0.999729  0.000391             
PRRG4                              2.024118e-08   1.000000  0.000069       -0.000136        0.000136             0.999864             1.000136     0.0  0.000292  0.999767  0.000336             
TUNAR                              1.343128e-08   1.000000  0.000091       -0.000179        0.000179             0.999821             1.000179     0.0  0.000147  0.999883  0.000169             
SPRR1B                             1.014949e-08   1.000000  0.000020       -0.000039        0.000039             0.999961             1.000039     0.0  0.000504  0.999598  0.000580             
Stage_IB                           8.252510e-09   1.000000  0.000098       -0.000192        0.000192             0.999808             1.000192     0.0  0.000084  0.999933  0.000097             
GABRR3                             2.995601e-09   1.000000  0.000287       -0.000562        0.000562             0.999438             1.000563     0.0  0.000010  0.999992  0.000012             
MED13L                            -2.293599e-09   1.000000  0.000091       -0.000179        0.000179             0.999822             1.000179     0.0 -0.000025  0.999980  0.000029             
U2AF1                             -2.730432e-09   1.000000  0.000093       -0.000182        0.000182             0.999818             1.000182     0.0 -0.000029  0.999977  0.000034             
S100B                             -8.285780e-09   1.000000  0.000077       -0.000150        0.000150             0.999850             1.000150     0.0 -0.000108  0.999914  0.000124             
LINC02796                         -1.725203e-08   1.000000  0.000315       -0.000618        0.000618             0.999382             1.000618     0.0 -0.000055  0.999956  0.000063             
STC1                              -2.670340e-08   1.000000  0.000049       -0.000097        0.000097             0.999903             1.000097     0.0 -0.000540  0.999569  0.000622             
PAK3                              -5.303166e-08   1.000000  0.000080       -0.000157        0.000157             0.999843             1.000157     0.0 -0.000663  0.999471  0.000763             
CDC42BPA                          -7.329680e-08   1.000000  0.000112       -0.000220        0.000220             0.999780             1.000220     0.0 -0.000652  0.999479  0.000751             
KCNK2                             -9.888319e-08   1.000000  0.000175       -0.000344        0.000343             0.999657             1.000343     0.0 -0.000564  0.999550  0.000650             
Race_Unknown                      -1.121120e-07   1.000000  0.000179       -0.000351        0.000351             0.999649             1.000351     0.0 -0.000625  0.999501  0.000720             
FBXO39                            -1.235459e-07   1.000000  0.000336       -0.000659        0.000659             0.999341             1.000659     0.0 -0.000367  0.999707  0.000423             
Stage_I                           -4.319948e-07   1.000000  0.000683       -0.001338        0.001338             0.998662             1.001338     0.0 -0.000633  0.999495  0.000729             
Race_White                        -6.276279e-07   0.999999  0.001151       -0.002256        0.002255             0.997746             1.002258     0.0 -0.000545  0.999565  0.000628             
Histology_Adenocarcinoma          -1.187337e-02   0.988197  0.220780       -0.444594        0.420847             0.641085             1.523252     0.0 -0.053779  0.957111  0.063242             
DAAM2                             -1.350233e-02   0.986588  0.096861       -0.203347        0.176342             0.815995             1.192846     0.0 -0.139399  0.889135  0.169526             
LINC01648                         -1.044016e-01   0.900863  0.398834       -0.886103        0.677299             0.412259             1.968554     0.0 -0.261767  0.793501  0.333696             
Stage_IA                          -4.336054e-01   0.648168  0.172701       -0.772093       -0.095118             0.462045             0.909266     0.0 -2.510730  0.012048  6.375042            *

Model metrics: -537.6611
0.7313

Train Concordance = 0.731
Concordance on test set = 0.614
Partial AIC = 1159.322
log-likelihood ratio test = 8.915 on 42 df
-log2(p) of ll-ratio test = 0.000