                                           coef  exp(coef)  se(coef)  coef lower 95%  coef upper 95%  exp(coef) lower 95%  exp(coef) upper 95%  cmp to         z         p  -log2(p) significance
covariate                                                                                                                                                                                        
Stage_IIIA                         2.889084e-01   1.334969  0.724132       -1.130365        1.708182             0.322915             5.518919     0.0  0.398972  0.689914  0.535511             
Stage_IIB                          8.919989e-02   1.093299  0.243793       -0.388626        0.567026             0.677988             1.763016     0.0  0.365883  0.714452  0.485091             
Smoked?                            4.810859e-02   1.049285  0.180303       -0.305278        0.401495             0.736918             1.494057     0.0  0.266821  0.789607  0.340794             
Sex                                3.924772e-02   1.040028  0.161946       -0.278161        0.356656             0.757175             1.428545     0.0  0.242350  0.808509  0.306665             
BRCC3                              2.572765e-02   1.026061  0.138207       -0.245154        0.296609             0.782584             1.345289     0.0  0.186152  0.852325  0.230524             
Age                                3.307494e-03   1.003313  0.008545       -0.013440        0.020055             0.986650             1.020257     0.0  0.387086  0.698692  0.517271             
Histology_Large Cell Carcinoma     4.457697e-07   1.000000  0.000666       -0.001304        0.001305             0.998697             1.001306     0.0  0.000670  0.999466  0.000771             
Stage_IIIB                         3.348893e-07   1.000000  0.000498       -0.000977        0.000977             0.999024             1.000978     0.0  0.000672  0.999464  0.000774             
Adjuvant Chemo                     3.309188e-07   1.000000  0.000577       -0.001131        0.001132             0.998870             1.001132     0.0  0.000573  0.999543  0.000660             
Stage_IIA                          2.174710e-07   1.000000  0.000424       -0.000831        0.000832             0.999169             1.000832     0.0  0.000513  0.999591  0.000590             
Race_Caucasian                     1.904721e-07   1.000000  0.000283       -0.000555        0.000556             0.999445             1.000556     0.0  0.000672  0.999464  0.000774             
XRCC3                              1.819351e-07   1.000000  0.000278       -0.000544        0.000545             0.999456             1.000545     0.0  0.000655  0.999477  0.000754             
CUL3                               1.763950e-07   1.000000  0.000325       -0.000637        0.000638             0.999363             1.000638     0.0  0.000542  0.999567  0.000624             
Stage_II                           1.378113e-07   1.000000  0.000210       -0.000412        0.000412             0.999588             1.000412     0.0  0.000655  0.999477  0.000755             
ATM                                1.306883e-07   1.000000  0.000247       -0.000484        0.000484             0.999516             1.000484     0.0  0.000529  0.999578  0.000609             
MRE11                              1.293368e-07   1.000000  0.000194       -0.000380        0.000380             0.999620             1.000380     0.0  0.000667  0.999468  0.000768             
HIF1A                              1.263527e-07   1.000000  0.000189       -0.000370        0.000370             0.999631             1.000370     0.0  0.000670  0.999465  0.000771             
Histology_Squamous Cell Carcinoma  1.179885e-07   1.000000  0.000189       -0.000370        0.000370             0.999631             1.000370     0.0  0.000626  0.999501  0.000720             
BRAF                               1.164235e-07   1.000000  0.000175       -0.000344        0.000344             0.999656             1.000344     0.0  0.000664  0.999470  0.000764             
RRM1                               1.162574e-07   1.000000  0.000176       -0.000345        0.000345             0.999655             1.000345     0.0  0.000661  0.999473  0.000761             
POLE                               1.156303e-07   1.000000  0.000175       -0.000343        0.000344             0.999657             1.000344     0.0  0.000660  0.999474  0.000760             
DUT                                1.068012e-07   1.000000  0.000162       -0.000318        0.000318             0.999683             1.000318     0.0  0.000659  0.999474  0.000759             
RAD50                              1.018805e-07   1.000000  0.000151       -0.000296        0.000296             0.999704             1.000297     0.0  0.000674  0.999462  0.000776             
FGFR1                              9.990549e-08   1.000000  0.000153       -0.000299        0.000299             0.999701             1.000300     0.0  0.000654  0.999478  0.000753             
CASP3                              9.961161e-08   1.000000  0.000152       -0.000298        0.000298             0.999702             1.000298     0.0  0.000655  0.999478  0.000754             
CHEK1                              7.958641e-08   1.000000  0.000119       -0.000232        0.000233             0.999768             1.000233     0.0  0.000671  0.999465  0.000773             
E2F1                               7.173888e-08   1.000000  0.000154       -0.000301        0.000301             0.999699             1.000301     0.0  0.000467  0.999627  0.000538             
MCL1                               6.928398e-08   1.000000  0.000127       -0.000248        0.000249             0.999752             1.000249     0.0  0.000546  0.999564  0.000629             
MSH2                               6.914616e-08   1.000000  0.000105       -0.000205        0.000205             0.999795             1.000205     0.0  0.000661  0.999473  0.000761             
RAD51                              6.472620e-08   1.000000  0.000109       -0.000214        0.000215             0.999786             1.000215     0.0  0.000592  0.999528  0.000681             
BRIP1                              6.103241e-08   1.000000  0.000101       -0.000198        0.000198             0.999802             1.000198     0.0  0.000605  0.999518  0.000696             
CDH1                               5.585179e-08   1.000000  0.000093       -0.000182        0.000182             0.999818             1.000183     0.0  0.000600  0.999521  0.000691             
EGFR                               5.561330e-08   1.000000  0.000106       -0.000208        0.000208             0.999792             1.000208     0.0  0.000523  0.999583  0.000602             
PDK1                               4.814381e-08   1.000000  0.000090       -0.000176        0.000176             0.999824             1.000176     0.0  0.000537  0.999572  0.000618             
ABCB1                              4.710870e-08   1.000000  0.000090       -0.000177        0.000177             0.999823             1.000177     0.0  0.000523  0.999583  0.000602             
RAD17                              4.460134e-08   1.000000  0.000148       -0.000289        0.000289             0.999711             1.000289     0.0  0.000302  0.999759  0.000348             
SIRT1                              4.286398e-08   1.000000  0.000094       -0.000184        0.000184             0.999816             1.000184     0.0  0.000458  0.999635  0.000527             
CCNB1                              4.236805e-08   1.000000  0.000064       -0.000126        0.000126             0.999874             1.000126     0.0  0.000660  0.999473  0.000760             
STK11                              3.918294e-08   1.000000  0.000137       -0.000268        0.000268             0.999732             1.000268     0.0  0.000286  0.999771  0.000330             
CDKN1B                             3.764716e-08   1.000000  0.000107       -0.000209        0.000209             0.999791             1.000209     0.0  0.000353  0.999718  0.000407             
BRCA1                              3.443429e-08   1.000000  0.000098       -0.000192        0.000192             0.999808             1.000192     0.0  0.000352  0.999719  0.000405             
CDK6                               3.053754e-08   1.000000  0.000076       -0.000149        0.000150             0.999851             1.000150     0.0  0.000400  0.999681  0.000461             
AKT1                               2.867016e-08   1.000000  0.000105       -0.000206        0.000206             0.999794             1.000206     0.0  0.000273  0.999782  0.000314             
MSH6                               2.620941e-08   1.000000  0.000127       -0.000248        0.000248             0.999752             1.000248     0.0  0.000207  0.999835  0.000238             
GAPDH                              2.401720e-08   1.000000  0.000100       -0.000197        0.000197             0.999803             1.000197     0.0  0.000239  0.999809  0.000275             
KRAS                               2.208068e-08   1.000000  0.000164       -0.000321        0.000321             0.999679             1.000321     0.0  0.000135  0.999892  0.000155             
SOX2                               2.089019e-08   1.000000  0.000048       -0.000094        0.000094             0.999906             1.000094     0.0  0.000434  0.999654  0.000499             
PRC1                               1.968524e-08   1.000000  0.000047       -0.000092        0.000092             0.999908             1.000092     0.0  0.000419  0.999665  0.000483             
ATR                                1.953354e-08   1.000000  0.000100       -0.000197        0.000197             0.999803             1.000197     0.0  0.000195  0.999845  0.000224             
MCM4                               1.824925e-08   1.000000  0.000062       -0.000122        0.000122             0.999878             1.000122     0.0  0.000294  0.999766  0.000338             
ACTB                               1.800317e-08   1.000000  0.000202       -0.000396        0.000396             0.999604             1.000396     0.0  0.000089  0.999929  0.000103             
XRCC2                              1.794338e-08   1.000000  0.000117       -0.000229        0.000229             0.999771             1.000229     0.0  0.000154  0.999877  0.000177             
MTHFD2                             1.731820e-08   1.000000  0.000078       -0.000152        0.000152             0.999848             1.000152     0.0  0.000223  0.999822  0.000257             
TWIST1                             1.666373e-08   1.000000  0.000035       -0.000068        0.000068             0.999932             1.000068     0.0  0.000478  0.999619  0.000550             
DNMT1                              1.494913e-08   1.000000  0.000099       -0.000193        0.000193             0.999807             1.000193     0.0  0.000152  0.999879  0.000175             
NKX2-1                             1.221363e-08   1.000000  0.000038       -0.000074        0.000074             0.999926             1.000074     0.0  0.000325  0.999741  0.000374             
SOD2                               1.087252e-08   1.000000  0.000062       -0.000121        0.000121             0.999879             1.000121     0.0  0.000176  0.999860  0.000202             
Stage_IB                           1.014258e-08   1.000000  0.000098       -0.000192        0.000192             0.999808             1.000192     0.0  0.000104  0.999917  0.000119             
MCM2                               8.907428e-09   1.000000  0.000052       -0.000101        0.000101             0.999899             1.000101     0.0  0.000173  0.999862  0.000199             
MYC                                7.638352e-09   1.000000  0.000047       -0.000091        0.000091             0.999909             1.000091     0.0  0.000164  0.999869  0.000189             
CCNE1                              6.833024e-09   1.000000  0.000092       -0.000181        0.000181             0.999819             1.000181     0.0  0.000074  0.999941  0.000085             
TYMS                               6.663355e-09   1.000000  0.000049       -0.000097        0.000097             0.999903             1.000097     0.0  0.000135  0.999892  0.000156             
CDC20                              5.215468e-09   1.000000  0.000038       -0.000074        0.000074             0.999926             1.000074     0.0  0.000139  0.999889  0.000160             
POLD1                              4.233923e-09   1.000000  0.000103       -0.000203        0.000203             0.999798             1.000203     0.0  0.000041  0.999967  0.000047             
FANCA                              2.694743e-09   1.000000  0.000117       -0.000230        0.000230             0.999770             1.000230     0.0  0.000023  0.999982  0.000026             
SLFN11                             1.770506e-09   1.000000  0.000063       -0.000123        0.000123             0.999877             1.000123     0.0  0.000028  0.999978  0.000032             
CD8A                              -1.485503e-09   1.000000  0.000045       -0.000088        0.000088             0.999912             1.000088     0.0 -0.000033  0.999974  0.000038             
NBN                               -2.034660e-09   1.000000  0.000075       -0.000147        0.000147             0.999853             1.000147     0.0 -0.000027  0.999978  0.000031             
PKM                               -2.986236e-09   1.000000  0.000082       -0.000162        0.000162             0.999838             1.000162     0.0 -0.000036  0.999971  0.000042             
ERBB2                             -4.231248e-09   1.000000  0.000100       -0.000197        0.000197             0.999803             1.000197     0.0 -0.000042  0.999966  0.000049             
SNAI1                             -4.940747e-09   1.000000  0.000115       -0.000226        0.000226             0.999774             1.000226     0.0 -0.000043  0.999966  0.000049             
CDKN2A                            -5.800399e-09   1.000000  0.000032       -0.000063        0.000063             0.999937             1.000063     0.0 -0.000179  0.999857  0.000206             
CD274                             -7.593027e-09   1.000000  0.000061       -0.000119        0.000119             0.999881             1.000119     0.0 -0.000125  0.999900  0.000144             
CHEK2                             -9.641854e-09   1.000000  0.000074       -0.000145        0.000145             0.999855             1.000145     0.0 -0.000130  0.999896  0.000150             
SMARCA4                           -9.806091e-09   1.000000  0.000091       -0.000178        0.000178             0.999822             1.000178     0.0 -0.000108  0.999914  0.000124             
GTF2I                             -9.888259e-09   1.000000  0.000105       -0.000205        0.000205             0.999795             1.000205     0.0 -0.000094  0.999925  0.000109             
ARID1A                            -1.415173e-08   1.000000  0.000096       -0.000187        0.000187             0.999813             1.000187     0.0 -0.000148  0.999882  0.000170             
TLE1                              -1.509565e-08   1.000000  0.000088       -0.000173        0.000173             0.999827             1.000173     0.0 -0.000171  0.999864  0.000196             
PIK3CA                            -1.863237e-08   1.000000  0.000094       -0.000184        0.000184             0.999816             1.000184     0.0 -0.000198  0.999842  0.000228             
CASP9                             -2.524921e-08   1.000000  0.000129       -0.000252        0.000252             0.999748             1.000252     0.0 -0.000196  0.999843  0.000226             
TUBB3                             -2.599861e-08   1.000000  0.000086       -0.000168        0.000168             0.999832             1.000168     0.0 -0.000303  0.999758  0.000349             
KDM5B                             -2.685133e-08   1.000000  0.000094       -0.000184        0.000184             0.999816             1.000184     0.0 -0.000286  0.999772  0.000329             
VIM                               -2.708085e-08   1.000000  0.000086       -0.000169        0.000169             0.999831             1.000169     0.0 -0.000315  0.999749  0.000362             
GSTM1                             -2.745100e-08   1.000000  0.000066       -0.000130        0.000130             0.999870             1.000130     0.0 -0.000413  0.999670  0.000476             
ATG5                              -3.037728e-08   1.000000  0.000084       -0.000165        0.000165             0.999835             1.000165     0.0 -0.000361  0.999712  0.000416             
RB1                               -3.046831e-08   1.000000  0.000133       -0.000261        0.000261             0.999739             1.000261     0.0 -0.000229  0.999818  0.000263             
KEAP1                             -3.383726e-08   1.000000  0.000095       -0.000187        0.000187             0.999813             1.000187     0.0 -0.000355  0.999717  0.000408             
MDM2                              -3.451021e-08   1.000000  0.000096       -0.000187        0.000187             0.999813             1.000187     0.0 -0.000361  0.999712  0.000416             
CDK4                              -3.507525e-08   1.000000  0.000090       -0.000176        0.000175             0.999824             1.000175     0.0 -0.000392  0.999687  0.000451             
GSTP1                             -3.568647e-08   1.000000  0.000089       -0.000175        0.000175             0.999825             1.000175     0.0 -0.000400  0.999681  0.000460             
ABCC1                             -3.622048e-08   1.000000  0.000071       -0.000138        0.000138             0.999862             1.000138     0.0 -0.000513  0.999591  0.000591             
PTEN                              -4.015396e-08   1.000000  0.000112       -0.000220        0.000220             0.999780             1.000220     0.0 -0.000358  0.999714  0.000412             
PARP1                             -4.229150e-08   1.000000  0.000117       -0.000229        0.000229             0.999771             1.000229     0.0 -0.000362  0.999711  0.000417             
MET                               -4.258643e-08   1.000000  0.000074       -0.000145        0.000145             0.999855             1.000145     0.0 -0.000575  0.999541  0.000662             
FANCD2                            -4.406205e-08   1.000000  0.000230       -0.000450        0.000450             0.999550             1.000450     0.0 -0.000192  0.999847  0.000221             
ALK                               -4.685012e-08   1.000000  0.000111       -0.000218        0.000218             0.999782             1.000218     0.0 -0.000421  0.999664  0.000484             
CDKN1A                            -5.948962e-08   1.000000  0.000095       -0.000185        0.000185             0.999815             1.000185     0.0 -0.000629  0.999498  0.000724             
NFE2L2                            -6.070600e-08   1.000000  0.000136       -0.000267        0.000267             0.999733             1.000267     0.0 -0.000446  0.999644  0.000513             
BAX                               -6.293850e-08   1.000000  0.000122       -0.000239        0.000238             0.999761             1.000238     0.0 -0.000517  0.999587  0.000596             
HERPUD1                           -6.589175e-08   1.000000  0.000163       -0.000320        0.000319             0.999681             1.000319     0.0 -0.000404  0.999677  0.000465             
TP53                              -6.974199e-08   1.000000  0.000111       -0.000217        0.000217             0.999783             1.000217     0.0 -0.000629  0.999498  0.000724             
CCND1                             -7.141922e-08   1.000000  0.000107       -0.000210        0.000210             0.999790             1.000210     0.0 -0.000666  0.999469  0.000767             
VEGFA                             -7.393832e-08   1.000000  0.000110       -0.000215        0.000215             0.999785             1.000215     0.0 -0.000673  0.999463  0.000775             
MLH1                              -8.436651e-08   1.000000  0.000162       -0.000318        0.000318             0.999682             1.000318     0.0 -0.000520  0.999585  0.000599             
BCL2                              -9.341952e-08   1.000000  0.000202       -0.000396        0.000395             0.999605             1.000395     0.0 -0.000463  0.999631  0.000533             
ERCC1                             -1.022201e-07   1.000000  0.000157       -0.000307        0.000307             0.999693             1.000307     0.0 -0.000652  0.999480  0.000751             
XRCC1                             -1.035439e-07   1.000000  0.000192       -0.000377        0.000377             0.999623             1.000377     0.0 -0.000539  0.999570  0.000620             
Race_Unknown                      -1.069443e-07   1.000000  0.000175       -0.000342        0.000342             0.999658             1.000342     0.0 -0.000613  0.999511  0.000706             
SPARC                             -1.074204e-07   1.000000  0.000164       -0.000321        0.000321             0.999679             1.000321     0.0 -0.000655  0.999477  0.000754             
APAF1                             -1.584074e-07   1.000000  0.000268       -0.000526        0.000526             0.999474             1.000526     0.0 -0.000591  0.999529  0.000680             
MTHFR                             -2.287626e-07   1.000000  0.000339       -0.000665        0.000665             0.999335             1.000665     0.0 -0.000674  0.999462  0.000776             
Stage_I                           -4.279024e-07   1.000000  0.000673       -0.001320        0.001319             0.998681             1.001320     0.0 -0.000636  0.999493  0.000732             
Race_White                        -5.896889e-07   0.999999  0.001026       -0.002012        0.002011             0.997990             1.002013     0.0 -0.000575  0.999541  0.000662             
Histology_Adenocarcinoma          -2.072193e-02   0.979491  0.220822       -0.453525        0.412081             0.635384             1.509957     0.0 -0.093840  0.925236  0.112106             
DNMT3A                            -3.156464e-02   0.968928  0.176954       -0.378389        0.315259             0.684964             1.370615     0.0 -0.178377  0.858427  0.220233             
ATG7                              -7.054091e-02   0.931890  0.270557       -0.600823        0.459741             0.548360             1.583664     0.0 -0.260725  0.794305  0.332235             
ERBB3                             -1.230985e-01   0.884177  0.350401       -0.809871        0.563674             0.444915             1.757117     0.0 -0.351308  0.725357  0.463236             
Stage_IA                          -4.285260e-01   0.651469  0.172697       -0.767006       -0.090046             0.464402             0.913889     0.0 -2.481376  0.013088  6.255653            *

Model metrics: -537.6875
0.7371

Train Concordance = 0.737
Concordance on test set = 0.697
Partial AIC = 1311.375
log-likelihood ratio test = 8.862 on 118 df
-log2(p) of ll-ratio test = -0.000