               coef  exp(coef)  se(coef)  coef lower 95%  coef upper 95%  exp(coef) lower 95%  exp(coef) upper 95%  cmp to         z             p   -log2(p) significance
covariate                                                                                                                                                                 
ZFR2       0.207037   1.230028  0.131020       -0.049757        0.463831             0.951460             1.590154     0.0  1.580194  1.140625e-01   3.132104             
RTCA       0.198191   1.219195  0.085853        0.029922        0.366460             1.030374             1.442619     0.0  2.308486  2.097214e-02   5.575382            *
PFKP       0.129534   1.138297  0.068092       -0.003925        0.262992             0.996083             1.300816     0.0  1.902327  5.712839e-02   4.129648             
HILPDA     0.073645   1.076425  0.058529       -0.041070        0.188360             0.959762             1.207268     0.0  1.258266  2.082955e-01   2.263296             
Age        0.022737   1.022998  0.004914        0.013105        0.032369             1.013191             1.032899     0.0  4.626645  3.716369e-06  18.037675          ***
NCAPG2    -0.007953   0.992079  0.081177       -0.167057        0.151151             0.846151             1.163173     0.0 -0.097969  9.219566e-01   0.117229             
CCNB1     -0.031362   0.969125  0.059933       -0.148829        0.086105             0.861717             1.089921     0.0 -0.523282  6.007781e-01   0.735096             
ADGRF5    -0.039890   0.960895  0.044619       -0.127342        0.047561             0.880432             1.048711     0.0 -0.894019  3.713120e-01   1.429296             
PARM1     -0.041455   0.959392  0.050370       -0.140179        0.057269             0.869203             1.058940     0.0 -0.823010  4.105022e-01   1.284538             
GUCY1A1   -0.059795   0.941957  0.070660       -0.198287        0.078697             0.820134             1.081876     0.0 -0.846235  3.974216e-01   1.331258             
ETV5      -0.083769   0.919644  0.079829       -0.240230        0.072693             0.786447             1.075400     0.0 -1.049355  2.940147e-01   1.766040             
PURA      -0.089913   0.914010  0.091251       -0.268761        0.088934             0.764326             1.093009     0.0 -0.985347  3.244536e-01   1.623916             
SETBP1    -0.097670   0.906948  0.064841       -0.224757        0.029417             0.798710             1.029854     0.0 -1.506294  1.319917e-01   2.921481             
TENT5C    -0.142675   0.867036  0.065614       -0.271276       -0.014074             0.762406             0.986025     0.0 -2.174454  2.967106e-02   5.074800            *
FAM117A   -0.150637   0.860159  0.102367       -0.351273        0.049998             0.703792             1.051269     0.0 -1.471546  1.411434e-01   2.824766             
SLC1A4    -0.179185   0.835951  0.072890       -0.322046       -0.036324             0.724665             0.964328     0.0 -2.458304  1.395948e-02   6.162611            *
KDM5C     -0.247847   0.780479  0.160100       -0.561638        0.065944             0.570274             1.068167     0.0 -1.548074  1.216045e-01   3.039732             
STIM1     -0.295248   0.744347  0.169334       -0.627136        0.036641             0.534119             1.037321     0.0 -1.743580  8.123231e-02   3.621802             
Stage_IA  -0.559685   0.571389  0.111805       -0.778818       -0.340552             0.458948             0.711377     0.0 -5.005925  5.559445e-07  20.778556          ***

Model metrics: -2407.4715
0.7076

Train Concordance = 0.708
Concordance on test set = 0.655
Partial AIC = 4852.943
log-likelihood ratio test = 165.409 on 19 df
-log2(p) of ll-ratio test = 81.883