               coef  exp(coef)  se(coef)  coef lower 95%  coef upper 95%  exp(coef) lower 95%  exp(coef) upper 95%  cmp to         z             p   -log2(p) significance
covariate                                                                                                                                                                 
RTCA       0.282362   1.326259  0.105055        0.076459        0.488266             1.079457             1.629488     0.0  2.687761  7.193289e-03   7.119133           **
ZFR2       0.258342   1.294781  0.145691       -0.027207        0.543891             0.973160             1.722697     0.0  1.773218  7.619261e-02   3.714205             
PFKP       0.162011   1.175874  0.079380        0.006430        0.317593             1.006450             1.373817     0.0  2.040962  4.125461e-02   4.599301            *
HILPDA     0.081489   1.084901  0.068975       -0.053700        0.216678             0.947716             1.241944     0.0  1.181418  2.374366e-01   2.074386             
Age        0.028219   1.028621  0.005605        0.017233        0.039205             1.017383             1.039983     0.0  5.034600  4.788482e-07  20.993928          ***
NCAPG2    -0.023951   0.976333  0.108039       -0.235705        0.187802             0.790014             1.206594     0.0 -0.221692  8.245537e-01   0.278315             
PARM1     -0.037458   0.963235  0.062855       -0.160653        0.085736             0.851588             1.089519     0.0 -0.595943  5.512132e-01   0.859318             
GUCY1A1   -0.048594   0.952568  0.083743       -0.212728        0.115540             0.808376             1.122480     0.0 -0.580272  5.617313e-01   0.832048             
ADGRF5    -0.057945   0.943702  0.058909       -0.173404        0.057515             0.840797             1.059202     0.0 -0.983625  3.253000e-01   1.620157             
ETV5      -0.073556   0.929084  0.093128       -0.256082        0.108971             0.774078             1.115130     0.0 -0.789841  4.296208e-01   1.218864             
CCNB1     -0.086109   0.917494  0.084364       -0.251459        0.079241             0.777666             1.082465     0.0 -1.020685  3.074036e-01   1.701794             
PURA      -0.103963   0.901258  0.107652       -0.314958        0.107031             0.729820             1.112969     0.0 -0.965735  3.341770e-01   1.581316             
SETBP1    -0.116770   0.889789  0.076952       -0.267594        0.034054             0.765218             1.034640     0.0 -1.517437  1.291565e-01   2.952808             
FAM117A   -0.146243   0.863947  0.122120       -0.385595        0.093108             0.680046             1.097580     0.0 -1.197537  2.310974e-01   2.113427             
TENT5C    -0.158555   0.853376  0.076088       -0.307685       -0.009425             0.735147             0.990619     0.0 -2.083840  3.717473e-02   4.749534            *
SLC1A4    -0.210119   0.810488  0.085763       -0.378212       -0.042027             0.685085             0.958844     0.0 -2.449997  1.428575e-02   6.129280            *
KDM5C     -0.276655   0.758316  0.183800       -0.636896        0.083586             0.528932             1.087179     0.0 -1.505197  1.322735e-01   2.918404             
STIM1     -0.296840   0.743163  0.194661       -0.678369        0.084689             0.507444             1.088378     0.0 -1.524906  1.272825e-01   2.973894             
Stage_IA  -0.736294   0.478886  0.136379       -1.003592       -0.468996             0.366561             0.625630     0.0 -5.398880  6.705826e-08  23.830010          ***

Model metrics: -2395.3720
0.7059

Train Concordance = 0.706
Concordance on test set = 0.653
Partial AIC = 4828.744
log-likelihood ratio test = 189.608 on 19 df
-log2(p) of ll-ratio test = 97.685