                                       coef  exp(coef)  se(coef)  coef lower 95%  coef upper 95%  exp(coef) lower 95%  exp(coef) upper 95%  cmp to         z         p  -log2(p) significance
covariate                                                                                                                                                                                    
Stage_IIIA                         0.803673   2.233730  0.638381       -0.447531        2.054876             0.639205             7.805872     0.0  1.258924  0.208058  2.264943             
LOC101927709                       0.750683   2.118446  0.840470       -0.896607        2.397973             0.407951            11.000860     0.0  0.893171  0.371766  1.427534             
LOC105378011                       0.750207   2.117437  0.634372       -0.493140        1.993553             0.610706             7.341574     0.0  1.182597  0.236969  2.077230             
Histology_Large Cell Carcinoma     0.717620   2.049549  0.597988       -0.454415        1.889655             0.634819             6.617086     0.0  1.200057  0.230117  2.119560             
RXFP2                              0.631013   1.879514  0.665044       -0.672449        1.934475             0.510457             6.920411     0.0  0.948829  0.342708  1.544950             
DNAH1                              0.590980   1.805758  0.604831       -0.594467        1.776428             0.551857             5.908710     0.0  0.977099  0.328520  1.605947             
LOC400627                          0.488057   1.629148  0.516537       -0.524337        1.500452             0.591947             4.483714     0.0  0.944863  0.344729  1.536467             
MSTN                               0.466396   1.594238  0.439729       -0.395456        1.328248             0.673373             3.774425     0.0  1.060646  0.288851  1.791603             
LINC02728                          0.462621   1.588231  0.531639       -0.579372        1.504614             0.560250             4.502414     0.0  0.870179  0.384203  1.380060             
Stage_IIIB                         0.452702   1.572556  0.561382       -0.647586        1.552990             0.523307             4.725581     0.0  0.806407  0.420008  1.251510             
GPX5                               0.433825   1.543148  0.545294       -0.634931        1.502580             0.529972             4.493268     0.0  0.795580  0.426276  1.230139             
Stage_IIB                          0.427104   1.532812  0.257772       -0.078120        0.932329             0.924853             2.540418     0.0  1.656905  0.097539  3.357882             
BRF1                               0.405865   1.500600  0.460947       -0.497575        1.309305             0.608003             3.703599     0.0  0.880502  0.378588  1.401301             
LINC00330                          0.405687   1.500333  0.379293       -0.337713        1.149087             0.713400             3.155311     0.0  1.069588  0.284805  1.811954             
IL1RL2                             0.348586   1.417063  0.304126       -0.247489        0.944662             0.780759             2.571943     0.0  1.146191  0.251716  1.990131             
CFAP100                            0.347510   1.415538  0.420472       -0.476599        1.171619             0.620891             3.227214     0.0  0.826476  0.408534  1.291472             
TRAV30                             0.342601   1.408607  0.436718       -0.513349        1.198552             0.598488             3.315313     0.0  0.784492  0.432752  1.208389             
MTNR1A                             0.338910   1.403418  0.466177       -0.574780        1.252601             0.562828             3.499435     0.0  0.726999  0.467227  1.097806             
LINC01029                          0.325805   1.385145  0.304318       -0.270649        0.922258             0.762885             2.514962     0.0  1.070604  0.284347  1.814273             
SLC26A10P                          0.323881   1.382483  0.363895       -0.389341        1.037103             0.677503             2.821033     0.0  0.890039  0.373445  1.421033             
Adjuvant Chemo                     0.321852   1.379681  0.338682       -0.341953        0.985658             0.710382             2.679573     0.0  0.950307  0.341956  1.548116             
LINC00396                          0.311507   1.365482  0.572028       -0.809646        1.432661             0.445015             4.189835     0.0  0.544567  0.586051  0.770901             
PRO2268                            0.289566   1.335847  0.387213       -0.469359        1.048490             0.625403             2.853340     0.0  0.747820  0.454569  1.137429             
LOC101928373                       0.280648   1.323988  0.538969       -0.775712        1.337008             0.460376             3.807635     0.0  0.520713  0.602567  0.730807             
H2BW4P                             0.277282   1.319538  0.244735       -0.202391        0.756954             0.816776             2.131774     0.0  1.132987  0.257220  1.958927             
ZNF91                              0.273128   1.314069  0.456911       -0.622401        1.168657             0.536654             3.217669     0.0  0.597771  0.549993  0.862516             
LINC01252                          0.266055   1.304807  0.312744       -0.346912        0.879023             0.706868             2.408545     0.0  0.850713  0.394929  1.340335             
EOLA1-DT                           0.259301   1.296023  0.277044       -0.283695        0.802297             0.752996             2.230658     0.0  0.935955  0.349296  1.517477             
CCNYL2                             0.256957   1.292990  0.241082       -0.215555        0.729469             0.806094             2.073980     0.0  1.065851  0.286491  1.803438             
ACTL7B                             0.252282   1.286960  0.484043       -0.696425        1.200990             0.498364             3.323406     0.0  0.521198  0.602229  0.731616             
DHFRP3                             0.250833   1.285095  0.721844       -1.163956        1.665621             0.312249             5.288956     0.0  0.347489  0.728224  0.457545             
DMD                                0.239487   1.270597  0.334325       -0.415779        0.894753             0.659826             2.446730     0.0  0.716329  0.473788  1.077686             
TIMM17B                            0.236487   1.266791  0.360670       -0.470412        0.943386             0.624745             2.568665     0.0  0.655689  0.512024  0.965716             
Smoked?                            0.212789   1.237123  0.190172       -0.159941        0.585519             0.852194             1.795922     0.0  1.118930  0.263170  1.925934             
DPEP3                              0.208498   1.231827  0.198979       -0.181494        0.598491             0.834024             1.819370     0.0  1.047840  0.294712  1.762621             
Stage_II                           0.207043   1.230035  0.260472       -0.303472        0.717558             0.738250             2.049423     0.0  0.794877  0.426685  1.228757             
ZNF543                             0.206500   1.229368  0.539185       -0.850284        1.263284             0.427294             3.537018     0.0  0.382985  0.701731  0.511010             
ABCG8                              0.205453   1.228081  0.479301       -0.733960        1.144867             0.480004             3.142022     0.0  0.428651  0.668177  0.581698             
CWC22                              0.204295   1.226660  0.181002       -0.150462        0.559051             0.860310             1.749012     0.0  1.128690  0.259029  1.948816             
TMC1                               0.201620   1.223383  0.529297       -0.835783        1.239022             0.433535             3.452237     0.0  0.380921  0.703262  0.507865             
SAP30                              0.201322   1.223019  0.386058       -0.555337        0.957982             0.573879             2.606430     0.0  0.521483  0.602030  0.732092             
ENDOU                              0.200488   1.221999  0.289908       -0.367721        0.768696             0.692311             2.156952     0.0  0.691558  0.489215  1.031459             
PUS3                               0.199574   1.220882  0.236835       -0.264615        0.663762             0.767501             1.942086     0.0  0.842669  0.399414  1.324045             
FCHSD1                             0.198048   1.219021  0.344316       -0.476798        0.872894             0.620768             2.393830     0.0  0.575194  0.565160  0.823268             
ZNF311                             0.194693   1.214938  0.168064       -0.134707        0.524093             0.873972             1.688927     0.0  1.158446  0.246682  2.019274             
CELF5                              0.193895   1.213969  0.297046       -0.388304        0.776094             0.678206             2.172968     0.0  0.652745  0.513921  0.960382             
CCDC148                            0.190281   1.209590  0.287212       -0.372645        0.753207             0.688910             2.123800     0.0  0.662510  0.507644  0.978110             
DDX18                              0.185848   1.204240  0.221548       -0.248377        0.620074             0.780066             1.859066     0.0  0.838864  0.401546  1.316364             
UBE4B                              0.181320   1.198799  0.190759       -0.192562        0.555202             0.824844             1.742293     0.0  0.950517  0.341849  1.548567             
TP53AIP1                           0.177933   1.194745  0.276875       -0.364731        0.720597             0.694383             2.055660     0.0  0.642648  0.520453  0.942161             
LINC00970                          0.177616   1.194367  0.557769       -0.915591        1.270823             0.400280             3.563783     0.0  0.318440  0.750151  0.414747             
RPP30                              0.176089   1.192544  0.293510       -0.399180        0.751359             0.670870             2.119878     0.0  0.599942  0.548545  0.866318             
USP46-DT                           0.172194   1.187908  0.239555       -0.297325        0.641713             0.742802             1.899732     0.0  0.718806  0.472260  1.082346             
TMEM266                            0.170325   1.185690  0.275744       -0.370123        0.710772             0.690650             2.035563     0.0  0.617693  0.536778  0.897603             
ABCA5                              0.169963   1.185261  0.174848       -0.172732        0.512658             0.841363             1.669723     0.0  0.972061  0.331020  1.595009             
LINC02912                          0.169060   1.184191  0.622688       -1.051386        1.389506             0.349453             4.012867     0.0  0.271500  0.786006  0.347387             
GALR2                              0.168814   1.183900  0.269302       -0.359008        0.696636             0.698369             2.006989     0.0  0.626858  0.530752  0.913889             
BNIP1                              0.168244   1.183225  0.248629       -0.319059        0.655547             0.726833             1.926196     0.0  0.676689  0.498603  1.004035             
MCHR2                              0.166477   1.181137  0.519335       -0.851400        1.184354             0.426817             3.268576     0.0  0.320559  0.748545  0.417840             
TAS1R1                             0.165853   1.180399  0.322009       -0.465273        0.796979             0.627964             2.218827     0.0  0.515057  0.606513  0.721388             
PNPLA7                             0.165583   1.180081  0.386625       -0.592189        0.923355             0.553115             2.517722     0.0  0.428277  0.668449  0.581110             
GGACT                              0.163888   1.178082  0.633717       -1.078175        1.405950             0.340216             4.079399     0.0  0.258613  0.795934  0.329280             
HIGD1A                             0.163477   1.177598  0.177735       -0.184877        0.511831             0.831206             1.668343     0.0  0.919779  0.357688  1.483225             
NYAP2                              0.162771   1.176767  0.243879       -0.315223        0.640765             0.729626             1.897932     0.0  0.667424  0.504502  0.987070             
SNAPC2                             0.158278   1.171492  0.309642       -0.448609        0.765165             0.638516             2.149349     0.0  0.511165  0.609235  0.714928             
GULP1                              0.155519   1.168264  0.132697       -0.104562        0.415601             0.900719             1.515281     0.0  1.171986  0.241203  2.051683             
CHERP                              0.155484   1.168223  0.433877       -0.694900        1.005868             0.499124             2.734280     0.0  0.358359  0.720075  0.473781             
ZNF502                             0.155481   1.168220  0.191236       -0.219335        0.530298             0.803052             1.699438     0.0  0.813031  0.416200  1.264651             
PLCZ1                              0.151871   1.164010  0.466007       -0.761487        1.065228             0.466972             2.901501     0.0  0.325898  0.744502  0.425653             
LINC02870                          0.144666   1.155654  0.371237       -0.582945        0.872277             0.558252             2.392353     0.0  0.389687  0.696768  0.521250             
FLJ20712                           0.144212   1.155129  0.447290       -0.732460        1.020885             0.480725             2.775650     0.0  0.322413  0.747140  0.420550             
LINC02475                          0.143062   1.153801  0.265999       -0.378287        0.664411             0.685034             1.943345     0.0  0.537829  0.590695  0.759515             
LOC101928526                       0.142766   1.153459  0.526642       -0.889434        1.174966             0.410888             3.238032     0.0  0.271086  0.786325  0.346803             
Stage_IIA                          0.141748   1.152286  0.623089       -1.079483        1.362979             0.339771             3.907817     0.0  0.227492  0.820041  0.286232             
ICOSLG                             0.141501   1.152002  0.503830       -0.845988        1.128991             0.429133             3.092534     0.0  0.280851  0.778825  0.360629             
NR1D1                              0.141008   1.151434  0.191050       -0.233444        0.515460             0.791802             1.674408     0.0  0.738067  0.460474  1.118809             
TNS1                               0.140699   1.151078  0.195366       -0.242213        0.523610             0.784889             1.688111     0.0  0.720178  0.471416  1.084929             
RBM33                              0.139362   1.149540  0.230006       -0.311442        0.590167             0.732390             1.804289     0.0  0.605905  0.544578  0.876790             
Sex                                0.137172   1.147025  0.174472       -0.204788        0.479131             0.814820             1.614671     0.0  0.786209  0.431745  1.211749             
MRFAP1L1                           0.134686   1.144177  0.221082       -0.298627        0.567999             0.741836             1.764732     0.0  0.609211  0.542384  0.882613             
NR2C2AP                            0.131965   1.141068  0.247046       -0.352236        0.616165             0.703114             1.851813     0.0  0.534172  0.593223  0.753354             
Race_Caucasian                     0.131330   1.140344  0.291920       -0.440822        0.703483             0.643507             2.020779     0.0  0.449885  0.652793  0.615302             
MPST                               0.130809   1.139750  0.208131       -0.277121        0.538738             0.757963             1.713843     0.0  0.628491  0.529682  0.916801             
CFAP43                             0.129844   1.138650  0.498449       -0.847099        1.106786             0.428657             3.024622     0.0  0.260495  0.794482  0.331914             
OVOL1                              0.127816   1.136344  0.164152       -0.193915        0.449548             0.823728             1.567604     0.0  0.778648  0.436187  1.196981             
CCM2                               0.126615   1.134980  0.237409       -0.338697        0.591928             0.712698             1.807470     0.0  0.533323  0.593810  0.751926             
Stage_IB                           0.120075   1.127581  0.188045       -0.248487        0.488636             0.779980             1.630091     0.0  0.638542  0.523121  0.934784             
GSE1                               0.116153   1.123168  0.159581       -0.196620        0.428926             0.821503             1.535607     0.0  0.727863  0.466698  1.099440             
FLVCR1                             0.113035   1.119671  0.135322       -0.152191        0.378261             0.858824             1.459744     0.0  0.835305  0.403546  1.309195             
TUNAR                              0.110635   1.116987  0.183725       -0.249459        0.470730             0.779222             1.601162     0.0  0.602177  0.547056  0.870239             
TRIOBP                             0.108771   1.114907  0.261829       -0.404405        0.621947             0.667374             1.862551     0.0  0.415428  0.677829  0.561007             
USP21                              0.108215   1.114287  0.213667       -0.310565        0.526995             0.733032             1.693835     0.0  0.506465  0.612530  0.707147             
CRYBA2                             0.107747   1.113766  0.181948       -0.248865        0.464358             0.779685             1.590993     0.0  0.592184  0.553727  0.852753             
RBM39                              0.105894   1.111704  0.216996       -0.319410        0.531198             0.726577             1.700970     0.0  0.488001  0.625549  0.676804             
ELANE                              0.105861   1.111667  0.167450       -0.222334        0.434056             0.800648             1.543506     0.0  0.632196  0.527259  0.923417             
LOC101928419                       0.100728   1.105976  0.272125       -0.432626        0.634082             0.648803             1.885291     0.0  0.370154  0.711268  0.491535             
ELOVL7                             0.100253   1.105450  0.090225       -0.076585        0.277091             0.926274             1.319286     0.0  1.111141  0.266508  1.907751             
SARS1                              0.099361   1.104465  0.220070       -0.331967        0.530690             0.717511             1.700105     0.0  0.451500  0.651629  0.617876             
DHX38                              0.098196   1.103179  0.319969       -0.528931        0.725324             0.589234             2.065400     0.0  0.306893  0.758925  0.397971             
IPMK                               0.096132   1.100904  0.422289       -0.731539        0.923802             0.481168             2.518849     0.0  0.227645  0.819923  0.286440             
TFDP3                              0.093519   1.098032  0.442711       -0.774179        0.961218             0.461082             2.614879     0.0  0.211242  0.832698  0.264134             
SYS1                               0.093422   1.097925  0.288944       -0.472898        0.659741             0.623194             1.934292     0.0  0.323321  0.746452  0.421879             
CEBPD                              0.091461   1.095774  0.120029       -0.143791        0.326714             0.866068             1.386404     0.0  0.761991  0.446065  1.164673             
ERO1A                              0.090825   1.095078  0.094712       -0.094806        0.276457             0.909549             1.318450     0.0  0.958965  0.337576  1.566715             
PPARGC1A                           0.089773   1.093925  0.178424       -0.259931        0.439477             0.771105             1.551895     0.0  0.503143  0.614864  0.701661             
LINC03040                          0.088630   1.092676  0.215164       -0.333084        0.510343             0.716710             1.665863     0.0  0.411916  0.680401  0.555543             
ZNF696                             0.087759   1.091725  0.336002       -0.570792        0.746310             0.565078             2.109202     0.0  0.261186  0.793949  0.332881             
ANGPT2                             0.087534   1.091479  0.141396       -0.189598        0.364666             0.827291             1.440033     0.0  0.619066  0.535873  0.900038             
OGG1                               0.086626   1.090488  0.254834       -0.412841        0.586092             0.661768             1.796952     0.0  0.339929  0.733910  0.446325             
ZNF334                             0.086575   1.090434  0.187778       -0.281463        0.454614             0.754679             1.575565     0.0  0.461052  0.644761  0.633163             
EXOC7                              0.084618   1.088301  0.278403       -0.461042        0.630278             0.630626             1.878133     0.0  0.303941  0.761173  0.393704             
LINC00459                          0.083860   1.087476  0.506436       -0.908736        1.076455             0.403033             2.934260     0.0  0.165588  0.868481  0.203434             
SLC17A6                            0.080074   1.083367  0.289197       -0.486742        0.646890             0.614625             1.909593     0.0  0.276883  0.781870  0.355000             
FOXG1                              0.079979   1.083265  0.155662       -0.225112        0.385071             0.798427             1.469719     0.0  0.513803  0.607390  0.719305             
ZNF483                             0.079643   1.082900  0.513104       -0.926023        1.085309             0.396126             2.960353     0.0  0.155218  0.876650  0.189927             
CCNYL1                             0.077652   1.080746  0.175778       -0.266866        0.422170             0.765775             1.525267     0.0  0.441761  0.658662  0.602389             
MIA                                0.077555   1.080641  0.109820       -0.137689        0.292798             0.871369             1.340173     0.0  0.706195  0.480067  1.058693             
LINC00892                          0.074733   1.077597  0.579176       -1.060430        1.209897             0.346307             3.353139     0.0  0.129034  0.897331  0.156288             
USP2                               0.074604   1.077457  0.345206       -0.601988        0.751195             0.547722             2.119532     0.0  0.216114  0.828899  0.270732             
MACROH2A2                          0.074446   1.077287  0.145597       -0.210920        0.359812             0.809839             1.433060     0.0  0.511315  0.609130  0.715177             
LINC02708                          0.073079   1.075815  0.440946       -0.791160        0.937318             0.453319             2.553124     0.0  0.165731  0.868368  0.203621             
LSP1P4                             0.071285   1.073888  0.396480       -0.705800        0.848371             0.493713             2.335839     0.0  0.179796  0.857313  0.222106             
MIR155HG                           0.069974   1.072481  0.113011       -0.151523        0.291471             0.859398             1.338395     0.0  0.619182  0.535796  0.900243             
PRKAA2                             0.069394   1.071859  0.156566       -0.237470        0.376259             0.788620             1.456824     0.0  0.443225  0.657603  0.604711             
DAGLB                              0.068801   1.071223  0.196771       -0.316862        0.454464             0.728431             1.575329     0.0  0.349650  0.726601  0.460765             
PDSS2                              0.067827   1.070180  0.325749       -0.570630        0.706283             0.565169             2.026446     0.0  0.208218  0.835059  0.260050             
RNASEH2B                           0.067236   1.069548  0.256891       -0.436261        0.570733             0.646449             1.769563     0.0  0.261728  0.793531  0.333642             
CTCFL                              0.067129   1.069434  0.122491       -0.172947        0.307206             0.841182             1.359622     0.0  0.548038  0.583666  0.776786             
FAM185A                            0.066783   1.069063  0.237068       -0.397861        0.531427             0.671755             1.701359     0.0  0.281704  0.778170  0.361842             
PRSS12                             0.066356   1.068607  0.087898       -0.105921        0.238632             0.899496             1.269511     0.0  0.754920  0.450297  1.151051             
GRN                                0.065414   1.067601  0.189901       -0.306785        0.437613             0.735809             1.549005     0.0  0.344462  0.730499  0.453046             
SLC35B2                            0.065347   1.067529  0.206745       -0.339867        0.470560             0.711865             1.600890     0.0  0.316074  0.751947  0.411298             
LINC02595                          0.062925   1.064947  0.434663       -0.789000        0.914850             0.454299             2.496400     0.0  0.144767  0.884895  0.176422             
SHARPIN                            0.062225   1.064202  0.233528       -0.395481        0.519932             0.673356             1.681912     0.0  0.266459  0.789886  0.340283             
FBXO15                             0.060013   1.061851  0.114478       -0.164359        0.284386             0.848437             1.328945     0.0  0.524234  0.600116  0.736688             
BICRA                              0.059244   1.061034  0.304671       -0.537900        0.656388             0.583973             1.927816     0.0  0.194452  0.845822  0.241574             
IL18R1                             0.057391   1.059069  0.140830       -0.218631        0.333412             0.803619             1.395722     0.0  0.407517  0.683628  0.548716             
PPP1R12A                           0.056794   1.058438  0.168052       -0.272581        0.386170             0.761411             1.471335     0.0  0.337957  0.735396  0.443408             
ANKRD22                            0.056027   1.057626  0.091414       -0.123142        0.235196             0.884138             1.265156     0.0  0.612885  0.539952  0.889096             
MAGEB2                             0.055549   1.057121  0.097536       -0.135619        0.246717             0.873175             1.279817     0.0  0.569522  0.569002  0.813494             
LOC102724511                       0.055379   1.056941  0.387749       -0.704596        0.815353             0.494308             2.259974     0.0  0.142821  0.886432  0.173919             
LINC01686                          0.054688   1.056211  0.349960       -0.631221        0.740596             0.531942             2.097186     0.0  0.156268  0.875821  0.191291             
CD5L                               0.052954   1.054381  0.518129       -0.962560        1.068468             0.381914             2.910917     0.0  0.102202  0.918596  0.122497             
MSRB2                              0.050779   1.052090  0.183472       -0.308821        0.410378             0.734312             1.507387     0.0  0.276764  0.781961  0.354831             
SLC35F5                            0.050335   1.051624  0.158289       -0.259905        0.360575             0.771125             1.434154     0.0  0.317997  0.750487  0.414101             
U2AF1                              0.049313   1.050549  0.191196       -0.325425        0.424051             0.722221             1.528139     0.0  0.257918  0.796470  0.328308             
RND3                               0.048494   1.049689  0.105052       -0.157403        0.254391             0.854360             1.289677     0.0  0.461623  0.644352  0.634080             
IRS4                               0.048466   1.049660  0.189464       -0.322876        0.419809             0.724063             1.521671     0.0  0.255808  0.798099  0.325360             
PNPLA3                             0.048031   1.049203  0.155019       -0.255801        0.351862             0.774296             1.421712     0.0  0.309837  0.756685  0.402236             
FBXO39                             0.047939   1.049107  0.615294       -1.158015        1.253893             0.314109             3.503958     0.0  0.077912  0.937898  0.092498             
CENPC                              0.047320   1.048458  0.218435       -0.380805        0.475445             0.683311             1.608730     0.0  0.216632  0.828495  0.271435             
PIK3C3                             0.046628   1.047732  0.335180       -0.610312        0.703568             0.543181             2.020950     0.0  0.139113  0.889361  0.169159             
CRYGD                              0.046201   1.047285  0.435340       -0.807049        0.899451             0.446173             2.458254     0.0  0.106127  0.915482  0.127397             
BRINP3-DT                          0.046066   1.047143  0.516858       -0.966957        1.059089             0.380238             2.883741     0.0  0.089126  0.928981  0.106278             
FUS                                0.045911   1.046981  0.245994       -0.436228        0.528050             0.646470             1.695622     0.0  0.186634  0.851948  0.231163             
S100B                              0.044659   1.045671  0.151325       -0.251932        0.341249             0.777297             1.406704     0.0  0.295117  0.767904  0.381002             
EEF1B2                             0.043892   1.044869  0.247972       -0.442124        0.529908             0.642670             1.698776     0.0  0.177003  0.859506  0.218420             
MMP7                               0.043141   1.044085  0.060000       -0.074457        0.160740             0.928247             1.174380     0.0  0.719017  0.472130  1.082743             
LRRC3C                             0.042727   1.043653  0.257493       -0.461951        0.547405             0.630053             1.728761     0.0  0.165935  0.868208  0.203888             
RSPO1                              0.041803   1.042689  0.247785       -0.443847        0.527452             0.641564             1.694608     0.0  0.168705  0.866029  0.207513             
HEPACAM2                           0.040694   1.041533  0.082603       -0.121205        0.202593             0.885852             1.224574     0.0  0.492647  0.622262  0.684405             
NPTXR                              0.040223   1.041043  0.234191       -0.418783        0.499229             0.657847             1.647451     0.0  0.171755  0.863631  0.211514             
ZBED10P                            0.040158   1.040976  0.160068       -0.273569        0.353886             0.760660             1.424593     0.0  0.250883  0.801904  0.318498             
CEL                                0.039614   1.040409  0.071239       -0.100013        0.179241             0.904826             1.196309     0.0  0.556068  0.578164  0.790448             
PFAS                               0.039272   1.040053  0.193275       -0.339541        0.418085             0.712097             1.519050     0.0  0.203192  0.838985  0.253284             
JAKMIP2-AS1                        0.038982   1.039751  0.391479       -0.728303        0.806267             0.482727             2.239532     0.0  0.099575  0.920681  0.119226             
ARHGAP27P1                         0.037783   1.038506  0.393711       -0.733877        0.809444             0.480044             2.246658     0.0  0.095967  0.923547  0.114743             
LAMP5                              0.036426   1.037098  0.094735       -0.149251        0.222104             0.861353             1.248701     0.0  0.384507  0.700602  0.513332             
RPAP3                              0.036128   1.036789  0.220357       -0.395764        0.468020             0.673165             1.596830     0.0  0.163952  0.869769  0.201297             
IFNGR2                             0.035850   1.036500  0.245720       -0.445752        0.517452             0.640343             1.677747     0.0  0.145898  0.884002  0.177878             
IFT22                              0.035436   1.036072  0.200589       -0.357711        0.428584             0.699275             1.535082     0.0  0.176662  0.859774  0.217971             
BVES-AS1                           0.035401   1.036035  0.400830       -0.750210        0.821013             0.472267             2.272801     0.0  0.088320  0.929622  0.105284             
RNFT1                              0.035138   1.035762  0.218436       -0.392988        0.463264             0.675037             1.589253     0.0  0.160861  0.872203  0.197265             
BRINP1                             0.034609   1.035215  0.134185       -0.228389        0.297608             0.795814             1.346634     0.0  0.257921  0.796467  0.328313             
SLC11A2                            0.033586   1.034156  0.178875       -0.317003        0.384175             0.728328             1.468402     0.0  0.187761  0.851064  0.232661             
GAGE6                              0.032181   1.032705  0.075274       -0.115353        0.179715             0.891052             1.196876     0.0  0.427522  0.668999  0.579923             
BMP1                               0.030569   1.031041  0.252013       -0.463367        0.524506             0.629162             1.689623     0.0  0.121300  0.903453  0.146478             
H19                                0.029465   1.029904  0.050690       -0.069886        0.128816             0.932500             1.137481     0.0  0.581282  0.561051  0.833797             
P2RY14                             0.029114   1.029542  0.109811       -0.186111        0.244339             0.830181             1.276777     0.0  0.265126  0.790912  0.338410             
DEFB1                              0.028712   1.029129  0.060967       -0.090780        0.148205             0.913218             1.159751     0.0  0.470952  0.637675  0.649106             
ARID2                              0.028484   1.028894  0.175776       -0.316031        0.372999             0.729037             1.452083     0.0  0.162048  0.871268  0.198811             
TRAIP                              0.027481   1.027862  0.220317       -0.404332        0.459294             0.667422             1.582956     0.0  0.124733  0.900735  0.150825             
RHPN1                              0.026118   1.026462  0.374699       -0.708279        0.760514             0.492491             2.139376     0.0  0.069703  0.944430  0.082484             
DNAH12                             0.025597   1.025927  0.156053       -0.280262        0.331455             0.755586             1.392994     0.0  0.164026  0.869711  0.201393             
OVOL2                              0.024826   1.025136  0.195164       -0.357688        0.407340             0.699291             1.502814     0.0  0.127204  0.898779  0.153961             
SHISA3                             0.024645   1.024951  0.055161       -0.083468        0.132758             0.919920             1.141974     0.0  0.446785  0.655030  0.610366             
DPY19L2P4                          0.024333   1.024632  0.512759       -0.980656        1.029322             0.375065             2.799167     0.0  0.047455  0.962150  0.055666             
DNAAF5                             0.024220   1.024516  0.203052       -0.373755        0.422195             0.688146             1.525306     0.0  0.119279  0.905054  0.143924             
PIR                                0.023357   1.023632  0.076940       -0.127443        0.174157             0.880343             1.190243     0.0  0.303573  0.761453  0.393172             
AFAP1-AS1                          0.023340   1.023614  0.059617       -0.093508        0.140187             0.910731             1.150489     0.0  0.391492  0.695434  0.524015             
TNFAIP6                            0.022680   1.022940  0.085356       -0.144614        0.189975             0.865356             1.209219     0.0  0.265716  0.790458  0.339240             
IL18RAP                            0.022244   1.022494  0.159100       -0.289587        0.334075             0.748573             1.396648     0.0  0.139813  0.888808  0.170057             
SDC2                               0.022088   1.022334  0.102508       -0.178825        0.223000             0.836253             1.249821     0.0  0.215474  0.829397  0.269865             
C2CD4C                             0.020063   1.020266  0.350018       -0.665960        0.706086             0.513780             2.026046     0.0  0.057320  0.954290  0.067500             
ANXA2R-AS1                         0.019821   1.020018  0.148910       -0.272038        0.311680             0.761825             1.365717     0.0  0.133105  0.894111  0.161475             
GABRB2                             0.018346   1.018515  0.127680       -0.231902        0.268594             0.793024             1.308124     0.0  0.143688  0.885747  0.175033             
GNB2                               0.016776   1.016918  0.248709       -0.470684        0.504237             0.624575             1.655722     0.0  0.067454  0.946220  0.079752             
NR1I3                              0.016165   1.016296  0.712906       -1.381105        1.413435             0.251301             4.110051     0.0  0.022675  0.981910  0.026338             
Age                                0.013379   1.013469  0.009268       -0.004785        0.031544             0.995226             1.032047     0.0  1.443634  0.148842  2.748146             
YIPF2                              0.012644   1.012725  0.285878       -0.547666        0.572955             0.578298             1.773501     0.0  0.044230  0.964721  0.051817             
GSTCD                              0.012438   1.012515  0.312673       -0.600391        0.625266             0.548597             1.868744     0.0  0.039778  0.968270  0.046519             
HDDC3                              0.010386   1.010440  0.230899       -0.442169        0.462940             0.642641             1.588738     0.0  0.044979  0.964124  0.052709             
MYOZ1                              0.010164   1.010215  0.159098       -0.301663        0.321990             0.739587             1.379871     0.0  0.063882  0.949064  0.075423             
UGT1A9                             0.009962   1.010011  0.059688       -0.107025        0.126948             0.898503             1.135358     0.0  0.166894  0.867454  0.205142             
JRKL                               0.009552   1.009598  0.317674       -0.613078        0.632182             0.541681             1.881713     0.0  0.030069  0.976012  0.035029             
FIGN                               0.009468   1.009513  0.177342       -0.338115        0.357051             0.713113             1.429109     0.0  0.053387  0.957423  0.062771             
QPCT                               0.008854   1.008894  0.066340       -0.121169        0.138878             0.885885             1.148983     0.0  0.133472  0.893820  0.161943             
MAGEA3                             0.008255   1.008289  0.039490       -0.069143        0.085654             0.933193             1.089429     0.0  0.209048  0.834411  0.261171             
MAGEH1                             0.007801   1.007831  0.186456       -0.357647        0.373248             0.699320             1.452444     0.0  0.041836  0.966630  0.048965             
PRRC2B                             0.007270   1.007297  0.206693       -0.397839        0.412380             0.671770             1.510409     0.0  0.035175  0.971940  0.041061             
ANKRD13C-DT                        0.007089   1.007114  0.133741       -0.255038        0.269216             0.774887             1.308938     0.0  0.053005  0.957728  0.062313             
EPS8L3                             0.005799   1.005816  0.128482       -0.246021        0.257619             0.781906             1.293846     0.0  0.045135  0.963999  0.052896             
SPRR1B                             0.005441   1.005456  0.034148       -0.061488        0.072370             0.940364             1.075053     0.0  0.159335  0.873405  0.195277             
NPPB                               0.005387   1.005401  0.307269       -0.596850        0.607624             0.550543             1.836063     0.0  0.017531  0.986013  0.020322             
FAM81A                             0.005310   1.005324  0.408933       -0.796184        0.806805             0.451047             2.240736     0.0  0.012986  0.989639  0.015025             
COX6C                              0.002525   1.002528  0.187553       -0.365073        0.370122             0.694146             1.447911     0.0  0.013461  0.989260  0.015578             
LTB4R2                             0.002461   1.002464  0.316539       -0.617944        0.622866             0.539052             1.864263     0.0  0.007775  0.993797  0.008977             
HOXD3                              0.002229   1.002232  0.263159       -0.513553        0.518012             0.598366             1.678687     0.0  0.008472  0.993241  0.009785             
TNFRSF12A                          0.001400   1.001401  0.127805       -0.249094        0.251895             0.779507             1.286460     0.0  0.010958  0.991257  0.012669             
SMYD3                              0.001312   1.001313  0.160222       -0.312718        0.315342             0.731456             1.370729     0.0  0.008191  0.993465  0.009459             
AK2                                0.001256   1.001257  0.175409       -0.342539        0.345052             0.709965             1.412063     0.0  0.007163  0.994285  0.008269             
NPL                                0.001128   1.001129  0.107402       -0.209376        0.211633             0.811090             1.235695     0.0  0.010507  0.991617  0.012145             
ACAD9                             -0.000822   0.999178  0.223924       -0.439705        0.438060             0.644227             1.549698     0.0 -0.003672  0.997070  0.004233             
LOC646903                         -0.000850   0.999151  0.133007       -0.261539        0.259840             0.769866             1.296722     0.0 -0.006389  0.994903  0.007373             
KCNE3                             -0.001875   0.998127  0.165388       -0.326029        0.322280             0.721784             1.380271     0.0 -0.011335  0.990956  0.013107             
H2BC12                            -0.001934   0.998068  0.106959       -0.211570        0.207702             0.809313             1.230847     0.0 -0.018080  0.985575  0.020963             
SRD5A1                            -0.003280   0.996726  0.116938       -0.232474        0.225915             0.792570             1.253469     0.0 -0.028046  0.977625  0.032646             
PRRG4                             -0.004777   0.995234  0.133444       -0.266323        0.256769             0.766191             1.292746     0.0 -0.035800  0.971442  0.041800             
CDC42BPA                          -0.004797   0.995215  0.151185       -0.301113        0.291520             0.739994             1.338460     0.0 -0.031727  0.974690  0.036985             
RRAS2                             -0.004816   0.995195  0.135317       -0.270033        0.260400             0.763354             1.297449     0.0 -0.035594  0.971606  0.041556             
PLAAT2                            -0.005705   0.994312  0.370411       -0.731697        0.720287             0.481092             2.055023     0.0 -0.015401  0.987712  0.017837             
OSCAR                             -0.006061   0.993957  0.144175       -0.288639        0.276517             0.749282             1.318530     0.0 -0.042039  0.966468  0.049206             
MED13L                            -0.006199   0.993820  0.185786       -0.370332        0.357935             0.690505             1.430372     0.0 -0.033365  0.973383  0.038920             
PTP4A1                            -0.006771   0.993252  0.120705       -0.243349        0.229807             0.783998             1.258358     0.0 -0.056093  0.955268  0.066023             
GIMAP2                            -0.006997   0.993027  0.108116       -0.218902        0.204907             0.803401             1.227411     0.0 -0.064721  0.948396  0.076439             
KIF11                             -0.007096   0.992929  0.096103       -0.195455        0.181262             0.822461             1.198729     0.0 -0.073842  0.941136  0.087524             
REST                              -0.007364   0.992663  0.312136       -0.619139        0.604411             0.538408             1.830174     0.0 -0.023592  0.981178  0.027413             
YKT6                              -0.007404   0.992624  0.174441       -0.349302        0.334494             0.705180             1.397234     0.0 -0.042442  0.966146  0.049686             
HOXC11                            -0.008696   0.991342  0.246652       -0.492124        0.474732             0.611326             1.607584     0.0 -0.035256  0.971875  0.041157             
SPACA9                            -0.010070   0.989981  0.307908       -0.613558        0.593419             0.541421             1.810166     0.0 -0.032704  0.973911  0.038138             
SPIRE2                            -0.010337   0.989716  0.217326       -0.436289        0.415614             0.646431             1.515301     0.0 -0.047566  0.962062  0.055799             
LAX1                              -0.012763   0.987318  0.109781       -0.227931        0.202404             0.796179             1.224342     0.0 -0.116262  0.907445  0.140118             
ZBTB1                             -0.013441   0.986649  0.193627       -0.392944        0.366061             0.675067             1.442044     0.0 -0.069418  0.944657  0.082138             
MYG1                              -0.013606   0.986487  0.235821       -0.475807        0.448596             0.621384             1.566111     0.0 -0.057694  0.953992  0.067951             
GBP2                              -0.014004   0.986094  0.118881       -0.247005        0.218998             0.781136             1.244829     0.0 -0.117795  0.906230  0.142051             
STEAP3                            -0.014504   0.985600  0.130178       -0.269649        0.240640             0.763647             1.272063     0.0 -0.111420  0.911284  0.134028             
TXNDC12                           -0.015075   0.985038  0.292523       -0.588409        0.558259             0.555210             1.747628     0.0 -0.051534  0.958900  0.060548             
MIR924HG                          -0.016044   0.984084  0.304794       -0.613430        0.581342             0.541490             1.788437     0.0 -0.052640  0.958019  0.061874             
KRT80                             -0.017362   0.982788  0.083839       -0.181683        0.146960             0.833865             1.158308     0.0 -0.207081  0.835947  0.258517             
USP25                             -0.018919   0.981259  0.133215       -0.280015        0.242177             0.755772             1.274020     0.0 -0.142019  0.887065  0.172888             
SPSB3                             -0.019309   0.980876  0.339158       -0.684047        0.645429             0.504571             1.906805     0.0 -0.056932  0.954599  0.067033             
TMEM33                            -0.020137   0.980064  0.177644       -0.368313        0.328038             0.691901             1.388242     0.0 -0.113359  0.909746  0.136464             
PCSK1N                            -0.021745   0.978490  0.088112       -0.194440        0.150951             0.823295             1.162939     0.0 -0.246787  0.805073  0.312809             
NEGR1-IT1                         -0.022430   0.977820  0.527953       -1.057198        1.012338             0.347428             2.752029     0.0 -0.042484  0.966113  0.049737             
APOE                              -0.022797   0.977461  0.116539       -0.251208        0.205615             0.777860             1.228280     0.0 -0.195617  0.844910  0.243130             
KLHL32                            -0.024598   0.975702  0.294976       -0.602741        0.553544             0.547309             1.739406     0.0 -0.083392  0.933540  0.099216             
CCNE2                             -0.027218   0.973149  0.108694       -0.240254        0.185818             0.786428             1.204204     0.0 -0.250407  0.802273  0.317835             
PRSS2                             -0.028553   0.971851  0.068384       -0.162582        0.105476             0.849946             1.111240     0.0 -0.417539  0.676284  0.564298             
PPM1L                             -0.029463   0.970967  0.190529       -0.402893        0.343967             0.668384             1.410532     0.0 -0.154638  0.877107  0.189175             
SDC1                              -0.030709   0.969758  0.130943       -0.287352        0.225934             0.750247             1.253493     0.0 -0.234524  0.814578  0.295874             
PLBD2                             -0.031367   0.969120  0.278758       -0.577723        0.514989             0.561175             1.673621     0.0 -0.112523  0.910409  0.135414             
SIRT7                             -0.031382   0.969105  0.256389       -0.533895        0.471131             0.586317             1.601805     0.0 -0.122400  0.902583  0.147869             
TUT7                              -0.033965   0.966605  0.197603       -0.421261        0.353330             0.656219             1.423802     0.0 -0.171886  0.863528  0.211686             
BPY2                              -0.034981   0.965624  0.445211       -0.907579        0.837617             0.403500             2.310853     0.0 -0.078572  0.937373  0.093305             
INVS                              -0.035462   0.965159  0.421559       -0.861702        0.790778             0.422442             2.205112     0.0 -0.084121  0.932960  0.100113             
C6orf226                          -0.035730   0.964901  0.234831       -0.495991        0.424530             0.608967             1.528872     0.0 -0.152153  0.879067  0.185956             
BEST4                             -0.038314   0.962411  0.229208       -0.487552        0.410925             0.614128             1.508212     0.0 -0.167157  0.867246  0.205486             
LOC100506405                      -0.038536   0.962197  0.211196       -0.452473        0.375400             0.636053             1.455574     0.0 -0.182468  0.855216  0.225640             
STC1                              -0.038596   0.962139  0.082026       -0.199364        0.122172             0.819251             1.129948     0.0 -0.470537  0.637971  0.648437             
AP3B1                             -0.039897   0.960888  0.312234       -0.651865        0.572071             0.521073             1.771933     0.0 -0.127780  0.898323  0.154693             
TMCC1                             -0.040379   0.960426  0.220155       -0.471875        0.391117             0.623832             1.478632     0.0 -0.183411  0.854476  0.226889             
PAXBP1                            -0.040609   0.960204  0.212750       -0.457591        0.376373             0.632806             1.456990     0.0 -0.190877  0.848622  0.236806             
R3HCC1L                           -0.042635   0.958261  0.412224       -0.850579        0.765309             0.427168             2.149659     0.0 -0.103426  0.917625  0.124024             
SNRPE                             -0.043596   0.957341  0.199490       -0.434589        0.347397             0.647531             1.415378     0.0 -0.218537  0.827011  0.274022             
ATF4                              -0.045321   0.955690  0.261143       -0.557153        0.466510             0.572837             1.594421     0.0 -0.173550  0.862219  0.213873             
CRMP1                             -0.045668   0.955359  0.140310       -0.320671        0.229334             0.725662             1.257762     0.0 -0.325482  0.744816  0.425043             
LINC00504                         -0.045692   0.955336  0.561683       -1.146571        1.055186             0.317724             2.872511     0.0 -0.081349  0.935164  0.096708             
PSMC3IP                           -0.045920   0.955118  0.235167       -0.506838        0.414998             0.602397             1.514367     0.0 -0.195268  0.845183  0.242664             
HNMT                              -0.047885   0.953244  0.205093       -0.449860        0.354090             0.637717             1.424884     0.0 -0.233478  0.815390  0.294438             
PTRHD1                            -0.048903   0.952274  0.202851       -0.446482        0.348677             0.639875             1.417192     0.0 -0.241077  0.809496  0.304905             
DPYD                              -0.051532   0.949773  0.224066       -0.490693        0.387629             0.612202             1.473483     0.0 -0.229986  0.818103  0.289646             
SCRN2                             -0.052421   0.948929  0.344821       -0.728258        0.623416             0.482749             1.865289     0.0 -0.152024  0.879168  0.185789             
SERTM1                            -0.052750   0.948617  0.147451       -0.341749        0.236248             0.710527             1.266488     0.0 -0.357749  0.720531  0.472867             
SHOX2                             -0.054050   0.947385  0.119612       -0.288485        0.180386             0.749398             1.197680     0.0 -0.451873  0.651361  0.618471             
IDH1-AS1                          -0.055272   0.946228  0.209850       -0.466570        0.356027             0.627150             1.427646     0.0 -0.263386  0.792253  0.335967             
CXCL16                            -0.056891   0.944697  0.136880       -0.325171        0.211389             0.722404             1.235393     0.0 -0.415628  0.677682  0.561320             
DAAM2                             -0.056949   0.944642  0.119185       -0.290548        0.176649             0.747854             1.193212     0.0 -0.477821  0.632777  0.660230             
CHM                               -0.057439   0.944179  0.283163       -0.612429        0.497551             0.542033             1.644688     0.0 -0.202848  0.839254  0.252821             
LINC02796                         -0.059387   0.942342  0.584992       -1.205950        1.087176             0.299407             2.965888     0.0 -0.101517  0.919140  0.121644             
NCAM1                             -0.059917   0.941843  0.302925       -0.653638        0.533805             0.520150             1.705410     0.0 -0.197793  0.843207  0.246042             
CELF2-AS1                         -0.060932   0.940887  0.408221       -0.861031        0.739167             0.422726             2.094190     0.0 -0.149263  0.881346  0.182219             
SCGB1D2                           -0.061504   0.940349  0.116817       -0.290461        0.167452             0.747919             1.182289     0.0 -0.526504  0.598538  0.740484             
MRPL15                            -0.062564   0.939353  0.167971       -0.391780        0.266653             0.675853             1.305587     0.0 -0.372467  0.709545  0.495034             
VLDLR                             -0.062633   0.939288  0.099751       -0.258141        0.132875             0.772486             1.142107     0.0 -0.627895  0.530073  0.915738             
FLJ42627                          -0.063139   0.938813  0.245393       -0.544101        0.417822             0.580363             1.518651     0.0 -0.257299  0.796948  0.327442             
PITPNA                            -0.064333   0.937693  0.245093       -0.544705        0.416040             0.580013             1.515947     0.0 -0.262483  0.792949  0.334700             
PAK3                              -0.065714   0.936399  0.075390       -0.213476        0.082048             0.807772             1.085508     0.0 -0.871649  0.383400  1.383078             
LOC102723665                      -0.066761   0.935419  0.213464       -0.485142        0.351621             0.615610             1.421369     0.0 -0.312750  0.754471  0.406463             
TTC29                             -0.066821   0.935363  0.127838       -0.317378        0.183736             0.728056             1.201699     0.0 -0.522701  0.601182  0.734126             
KIR2DL3                           -0.068281   0.933998  0.261813       -0.581426        0.444863             0.559101             1.560276     0.0 -0.260802  0.794245  0.332344             
VMO1                              -0.068408   0.933879  0.141874       -0.346476        0.209660             0.707175             1.233259     0.0 -0.482175  0.629682  0.667306             
GGPS1                             -0.068766   0.933545  0.175472       -0.412684        0.275152             0.661871             1.316731     0.0 -0.391894  0.695137  0.524631             
FLRT2-AS1                         -0.069614   0.932754  0.508194       -1.065655        0.926427             0.344502             2.525471     0.0 -0.136983  0.891044  0.166431             
DYNC1LI2-DT                       -0.071683   0.930826  0.677692       -1.399934        1.256569             0.246613             3.513346     0.0 -0.105775  0.915761  0.126957             
ZNF446                            -0.072997   0.929604  0.357412       -0.773511        0.627518             0.461390             1.872955     0.0 -0.204238  0.838168  0.254689             
SSNA1                             -0.073006   0.929595  0.268707       -0.599661        0.453650             0.548998             1.574046     0.0 -0.271693  0.785858  0.347660             
ZNF430                            -0.073361   0.929265  0.203419       -0.472055        0.325333             0.623719             1.384492     0.0 -0.360640  0.718369  0.477203             
RLN1                              -0.074006   0.928666  0.266877       -0.597075        0.449063             0.550419             1.566843     0.0 -0.277305  0.781546  0.355598             
ZBED5-AS1                         -0.075473   0.927305  0.154535       -0.378355        0.227409             0.684987             1.255343     0.0 -0.488391  0.625273  0.677441             
SGMS2                             -0.076272   0.926564  0.132642       -0.336246        0.183701             0.714448             1.201657     0.0 -0.575024  0.565275  0.822974             
MRPL19                            -0.077261   0.925648  0.174457       -0.419191        0.264669             0.657579             1.302999     0.0 -0.442865  0.657863  0.604140             
MBNL2                             -0.077425   0.925497  0.187996       -0.445890        0.291041             0.640254             1.337819     0.0 -0.411841  0.680456  0.555427             
TMEM8B                            -0.078529   0.924475  0.252552       -0.573521        0.416463             0.563538             1.516588     0.0 -0.310943  0.755844  0.403839             
HBA1                              -0.079370   0.923698  0.069602       -0.215788        0.057047             0.805906             1.058706     0.0 -1.140346  0.254142  1.976291             
Histology_Squamous Cell Carcinoma -0.080824   0.922356  0.263943       -0.598142        0.436494             0.549832             1.547273     0.0 -0.306219  0.759438  0.396995             
EIF4EBP3                          -0.082489   0.920822  0.175544       -0.426548        0.261571             0.652758             1.298969     0.0 -0.469905  0.638423  0.647415             
ANKS1A                            -0.083866   0.919554  0.213727       -0.502763        0.335031             0.604857             1.397984     0.0 -0.392398  0.694764  0.525405             
LINC00445                         -0.089166   0.914694  0.487635       -1.044913        0.866582             0.351722             2.378766     0.0 -0.182853  0.854913  0.226150             
THBS3                             -0.090350   0.913612  0.223111       -0.527640        0.346940             0.589996             1.414732     0.0 -0.404954  0.685511  0.544748             
OCA2                              -0.090440   0.913529  0.140198       -0.365223        0.184344             0.694042             1.202429     0.0 -0.645085  0.518872  0.946549             
ABCF2                             -0.090809   0.913192  0.290221       -0.659632        0.478015             0.517041             1.612869     0.0 -0.312895  0.754361  0.406674             
RPS8                              -0.091928   0.912171  0.419493       -0.914120        0.730263             0.400869             2.075626     0.0 -0.219142  0.826540  0.274844             
THEM6                             -0.091996   0.912109  0.162939       -0.411350        0.227359             0.662755             1.255280     0.0 -0.564602  0.572344  0.805044             
KATNBL1                           -0.093235   0.910980  0.186603       -0.458971        0.272501             0.631934             1.313245     0.0 -0.499641  0.617328  0.695892             
WASF3                             -0.094975   0.909395  0.106210       -0.303142        0.113192             0.738494             1.119847     0.0 -0.894224  0.371202  1.429723             
LINC01227                         -0.095867   0.908585  0.612384       -1.296118        1.104384             0.273592             3.017365     0.0 -0.156547  0.875602  0.191653             
NOP16                             -0.100316   0.904551  0.284976       -0.658859        0.458227             0.517441             1.581268     0.0 -0.352015  0.724827  0.464292             
MARS2                             -0.103153   0.901989  0.200522       -0.496169        0.289864             0.608859             1.336246     0.0 -0.514420  0.606959  0.720330             
ODF2                              -0.105885   0.899528  0.250654       -0.597157        0.385387             0.550374             1.470184     0.0 -0.422435  0.672707  0.571949             
ZNF264                            -0.106782   0.898721  0.186649       -0.472607        0.259043             0.623375             1.295689     0.0 -0.572102  0.567253  0.817936             
MFSD6L                            -0.106979   0.898545  0.235824       -0.569185        0.355228             0.565986             1.426505     0.0 -0.453638  0.650089  0.621290             
PRSS22                            -0.108725   0.896977  0.238481       -0.576139        0.358688             0.562064             1.431450     0.0 -0.455908  0.648456  0.624920             
TXNDC8                            -0.109265   0.896492  0.542955       -1.173437        0.954907             0.309302             2.598428     0.0 -0.201242  0.840509  0.250664             
MARCKS                            -0.113309   0.892875  0.135740       -0.379355        0.152736             0.684303             1.165018     0.0 -0.834752  0.403857  1.308082             
UBE2J1                            -0.113648   0.892572  0.169402       -0.445669        0.218373             0.640396             1.244052     0.0 -0.670877  0.502299  0.993381             
GJC2                              -0.114237   0.892046  0.525724       -1.144637        0.916163             0.318340             2.499680     0.0 -0.217295  0.827979  0.272335             
CNNM4                             -0.115307   0.891092  0.195887       -0.499238        0.268624             0.606993             1.308163     0.0 -0.588643  0.556101  0.846581             
CDKN2B                            -0.116152   0.890340  0.132019       -0.374903        0.142600             0.687356             1.153268     0.0 -0.879813  0.378961  1.399880             
SPIN2A                            -0.118001   0.888695  0.421225       -0.943586        0.707584             0.389229             2.029082     0.0 -0.280139  0.779371  0.359618             
KANSL1                            -0.121766   0.885355  0.192116       -0.498307        0.254775             0.607558             1.290171     0.0 -0.633815  0.526201  0.926313             
COMT                              -0.124668   0.882790  0.303052       -0.718639        0.469302             0.487415             1.598879     0.0 -0.411376  0.680797  0.554704             
GABRR3                            -0.124871   0.882610  0.572488       -1.246926        0.997184             0.287387             2.710637     0.0 -0.218121  0.827335  0.273456             
GABRA2                            -0.127381   0.880398  0.273168       -0.662780        0.408018             0.515416             1.503835     0.0 -0.466310  0.640993  0.641619             
ZNF503                            -0.128412   0.879491  0.324522       -0.764464        0.507639             0.465584             1.661365     0.0 -0.395696  0.692329  0.530470             
LINC00933                         -0.129574   0.878470  0.422345       -0.957355        0.698207             0.383907             2.010145     0.0 -0.306796  0.758998  0.397831             
MXD4                              -0.133842   0.874728  0.243407       -0.610911        0.343226             0.542856             1.409488     0.0 -0.549871  0.582408  0.779898             
SPOP                              -0.139621   0.869688  0.268649       -0.666163        0.386922             0.513676             1.472441     0.0 -0.519714  0.603263  0.729141             
COL4A1                            -0.141915   0.867695  0.153745       -0.443250        0.159420             0.641947             1.172831     0.0 -0.923052  0.355980  1.490131             
Race_Unknown                      -0.142361   0.867308  0.263511       -0.658832        0.374111             0.517455             1.453699     0.0 -0.540246  0.589027  0.763593             
LINC01547                         -0.151105   0.859757  0.373931       -0.883997        0.581786             0.413128             1.789231     0.0 -0.404100  0.686139  0.543427             
CD40LG                            -0.154701   0.856671  0.406047       -0.950539        0.641137             0.386532             1.898639     0.0 -0.380992  0.703209  0.507975             
Histology_Adenocarcinoma          -0.157917   0.853921  0.248667       -0.645295        0.329461             0.524508             1.390219     0.0 -0.635054  0.525393  0.928531             
KCNK2                             -0.161018   0.851277  0.275828       -0.701631        0.379595             0.495776             1.461693     0.0 -0.583762  0.559380  0.838099             
DEFA6                             -0.161759   0.850646  0.314840       -0.778834        0.455316             0.458941             1.576671     0.0 -0.513782  0.607405  0.719270             
GJB4                              -0.164281   0.848504  0.362352       -0.874479        0.545917             0.417079             1.726191     0.0 -0.453373  0.650280  0.620866             
TRIM32                            -0.167410   0.845853  0.235652       -0.629278        0.294459             0.532976             1.342399     0.0 -0.710413  0.477448  1.066585             
HNRNPCL1                          -0.168787   0.844689  0.391705       -0.936515        0.598941             0.391992             1.820191     0.0 -0.430903  0.666539  0.585238             
H3C7                              -0.171273   0.842591  0.273367       -0.707062        0.364516             0.493091             1.439817     0.0 -0.626532  0.530966  0.913309             
GRK3                              -0.172105   0.841891  0.184721       -0.534152        0.189942             0.586166             1.209179     0.0 -0.931703  0.351490  1.508444             
SEPTIN7P14                        -0.175284   0.839219  0.326391       -0.814999        0.464431             0.442640             1.591108     0.0 -0.537037  0.591242  0.758179             
GPHN                              -0.178244   0.836739  0.203740       -0.577567        0.221080             0.561262             1.247423     0.0 -0.874858  0.381651  1.389673             
LOC730098                         -0.185231   0.830913  0.350343       -0.871891        0.501429             0.418160             1.651079     0.0 -0.528712  0.597005  0.744185             
LOC105373334                      -0.186049   0.830233  0.236275       -0.649140        0.277042             0.522495             1.319221     0.0 -0.787426  0.431033  1.214130             
SGSH                              -0.186688   0.829702  0.218888       -0.615701        0.242325             0.540262             1.274208     0.0 -0.852893  0.393719  1.344763             
TFG                               -0.187897   0.828700  0.276283       -0.729401        0.353607             0.482198             1.424196     0.0 -0.680088  0.496448  1.010284             
IGHMBP2                           -0.188365   0.828313  0.349772       -0.873905        0.497176             0.417319             1.644071     0.0 -0.538536  0.590207  0.760707             
PNRC1                             -0.188444   0.828247  0.285587       -0.748184        0.371295             0.473225             1.449611     0.0 -0.659849  0.509350  0.973269             
INTS4P1                           -0.190753   0.826336  0.434298       -1.041963        0.660456             0.352762             1.935674     0.0 -0.439222  0.660501  0.598368             
RAD9A                             -0.191227   0.825945  0.285557       -0.750909        0.368455             0.471937             1.445500     0.0 -0.669663  0.503073  0.991161             
FKRP                              -0.191613   0.825626  0.248411       -0.678490        0.295264             0.507382             1.343481     0.0 -0.771354  0.440497  1.182795             
POMGNT2                           -0.194853   0.822956  0.190446       -0.568120        0.178414             0.566590             1.195320     0.0 -1.023140  0.306242  1.707257             
PPM1K                             -0.198247   0.820167  0.220936       -0.631274        0.234780             0.531914             1.264630     0.0 -0.897304  0.369557  1.436133             
IQSEC3                            -0.199885   0.818825  0.585542       -1.347525        0.947756             0.259883             2.579914     0.0 -0.341367  0.732827  0.448455             
OR8B8                             -0.203584   0.815802  0.484384       -1.152959        0.745791             0.315701             2.108107     0.0 -0.420295  0.674270  0.568602             
ADAMTS16                          -0.204399   0.815137  0.157175       -0.512456        0.103657             0.599023             1.109220     0.0 -1.300458  0.193444  2.370013             
EIF2AK3                           -0.207583   0.812545  0.389804       -0.971586        0.556419             0.378482             1.744415     0.0 -0.532532  0.594357  0.750597             
BANF2                             -0.210839   0.809904  0.552145       -1.293023        0.871345             0.274440             2.390123     0.0 -0.381855  0.702569  0.509288             
DDI2                              -0.212482   0.808575  0.224043       -0.651599        0.226635             0.521212             1.254372     0.0 -0.948396  0.342928  1.544023             
FOXB1                             -0.213128   0.808053  0.386762       -0.971166        0.544911             0.378641             1.724455     0.0 -0.551057  0.581595  0.781913             
SIM2                              -0.214483   0.806958  0.300513       -0.803478        0.374512             0.447769             1.454282     0.0 -0.713723  0.475399  1.072790             
HEATR9                            -0.222880   0.800211  0.586547       -1.372491        0.926731             0.253475             2.526237     0.0 -0.379987  0.703955  0.506445             
ATXN7L3B                          -0.244582   0.783032  0.220954       -0.677644        0.188479             0.507812             1.207412     0.0 -1.106938  0.268321  1.897969             
LOC283038                         -0.252469   0.776880  0.607147       -1.442456        0.937517             0.236347             2.553633     0.0 -0.415829  0.677535  0.561632             
H4C2                              -0.252971   0.776490  0.311828       -0.864143        0.358201             0.421412             1.430753     0.0 -0.811251  0.417221  1.261115             
EFCAB13                           -0.253174   0.776333  0.411201       -1.059113        0.552766             0.346763             1.738053     0.0 -0.615693  0.538097  0.894062             
FBXL12                            -0.257857   0.772706  0.477148       -1.193050        0.677336             0.303295             1.968626     0.0 -0.540413  0.588912  0.763876             
GALR1                             -0.261779   0.769681  0.445350       -1.134648        0.611090             0.321535             1.842439     0.0 -0.587805  0.556663  0.845124             
TEKTL1                            -0.262846   0.768860  0.377790       -1.003300        0.477608             0.366667             1.612213     0.0 -0.695747  0.486587  1.039230             
TCTN1                             -0.266266   0.766235  0.311642       -0.877073        0.344540             0.415999             1.411341     0.0 -0.854399  0.392884  1.347825             
TTC28                             -0.276534   0.758408  0.318380       -0.900548        0.347479             0.406347             1.415495     0.0 -0.868567  0.385084  1.376754             
WDR83OS                           -0.291543   0.747110  0.287069       -0.854187        0.271102             0.425629             1.311409     0.0 -1.015585  0.309827  1.690464             
SLC34A3                           -0.292939   0.746068  0.585914       -1.441309        0.855430             0.236618             2.352387     0.0 -0.499970  0.617096  0.696432             
TAF1L                             -0.295978   0.743804  0.404646       -1.089069        0.497114             0.336530             1.643969     0.0 -0.731448  0.464505  1.106233             
RNF185-AS1                        -0.304057   0.737819  0.470701       -1.226614        0.618500             0.293284             1.856143     0.0 -0.645966  0.518301  0.948137             
ARHGEF4                           -0.306611   0.735937  0.390650       -1.072271        0.459049             0.342231             1.582568     0.0 -0.784874  0.432528  1.209135             
PCDHA5                            -0.310825   0.732842  0.430872       -1.155319        0.533669             0.314957             1.705176     0.0 -0.721386  0.470672  1.087206             
NKX2-5                            -0.315764   0.729232  0.304346       -0.912271        0.280743             0.401611             1.324114     0.0 -1.037516  0.299495  1.739394             
LINC01648                         -0.319734   0.726343  0.468721       -1.238409        0.598942             0.289845             1.820192     0.0 -0.682141  0.495150  1.014063             
LL0XNC01-250H12.3                 -0.334678   0.715568  0.429522       -1.176526        0.507170             0.308348             1.660585     0.0 -0.779187  0.435870  1.198032             
FAM47C                            -0.339931   0.711819  0.552450       -1.422714        0.742852             0.241059             2.101921     0.0 -0.615315  0.538347  0.893393             
CALR                              -0.357721   0.699268  0.234900       -0.818116        0.102674             0.441262             1.108131     0.0 -1.522865  0.127792  2.968125             
ERICH4                            -0.360764   0.697144  0.502943       -1.346514        0.624987             0.260146             1.868221     0.0 -0.717305  0.473186  1.079521             
CALHM1                            -0.396243   0.672843  0.373663       -1.128609        0.336124             0.323483             1.399512     0.0 -1.060427  0.288950  1.791107             
LOC101929774                      -0.399096   0.670927  0.494177       -1.367665        0.569474             0.254701             1.767336     0.0 -0.807596  0.419323  1.253866             
LOC100422526                      -0.409924   0.663701  0.358576       -1.112719        0.292871             0.328664             1.340270     0.0 -1.143201  0.252955  1.983046             
PLSCR2                            -0.414744   0.660509  0.441777       -1.280612        0.451124             0.277867             1.570075     0.0 -0.938808  0.347829  1.523549             
LINC00474                         -0.427902   0.651876  0.836572       -2.067553        1.211749             0.126495             3.359356     0.0 -0.511494  0.609005  0.715474             
NLRP8                             -0.455859   0.633903  0.474141       -1.385158        0.473441             0.250284             1.605509     0.0 -0.961441  0.336330  1.572049             
OR6B1                             -0.456811   0.633300  0.526174       -1.488093        0.574472             0.225803             1.776192     0.0 -0.868174  0.385299  1.375950             
Stage_IA                          -0.466727   0.627051  0.189808       -0.838744       -0.094710             0.432253             0.909637     0.0 -2.458939  0.013935  6.165162            *
Stage_I                           -0.499592   0.606778  0.515512       -1.509977        0.510792             0.220915             1.666611     0.0 -0.969119  0.332486  1.588636             
LINC01537                         -0.563676   0.569113  0.543590       -1.629092        0.501741             0.196108             1.651594     0.0 -1.036950  0.299759  1.738125             
LOC100420872                      -0.572536   0.564093  0.524687       -1.600905        0.455833             0.201714             1.577486     0.0 -1.091194  0.275187  1.861514             
ASIC5                             -0.616111   0.540041  0.655564       -1.900992        0.668770             0.149420             1.951835     0.0 -0.939819  0.347311  1.525702             
Race_White                        -0.645202   0.524557  0.617643       -1.855760        0.565357             0.156334             1.760076     0.0 -1.044619  0.296199  1.755360             

Model metrics: -433.2751
0.9589

Train Concordance = 0.959
Concordance on test set = 0.495
Partial AIC = 1696.550
log-likelihood ratio test = 217.687 on 415 df
-log2(p) of ll-ratio test = -0.000