                                           coef  exp(coef)  se(coef)  coef lower 95%  coef upper 95%  exp(coef) lower 95%  exp(coef) upper 95%  cmp to         z         p  -log2(p) significance
covariate                                                                                                                                                                                        
Stage_IIIA                         5.464191e-07   1.000001  0.000374       -0.000732        0.000733             0.999268             1.000734     0.0  0.001461  0.998834  0.001683             
Histology_Large Cell Carcinoma     3.346285e-07   1.000000  0.000332       -0.000650        0.000650             0.999350             1.000651     0.0  0.001009  0.999195  0.001162             
Stage_IIIB                         2.823270e-07   1.000000  0.000292       -0.000573        0.000573             0.999427             1.000574     0.0  0.000966  0.999230  0.001112             
Stage_IIB                          2.665251e-07   1.000000  0.000152       -0.000298        0.000299             0.999702             1.000299     0.0  0.001749  0.998604  0.002015             
Adjuvant Chemo                     2.445608e-07   1.000000  0.000180       -0.000352        0.000352             0.999648             1.000352     0.0  0.001362  0.998913  0.001569             
Stage_IIA                          2.346442e-07   1.000000  0.000351       -0.000687        0.000687             0.999313             1.000688     0.0  0.000669  0.999466  0.000771             
Smoked?                            1.890836e-07   1.000000  0.000107       -0.000210        0.000211             0.999790             1.000211     0.0  0.001762  0.998594  0.002030             
Race_Caucasian                     1.799220e-07   1.000000  0.000148       -0.000290        0.000291             0.999710             1.000291     0.0  0.001214  0.999031  0.001399             
Histology_Squamous Cell Carcinoma  1.563104e-07   1.000000  0.000137       -0.000269        0.000269             0.999731             1.000269     0.0  0.001139  0.999091  0.001312             
Sex                                1.517716e-07   1.000000  0.000097       -0.000189        0.000190             0.999811             1.000190     0.0  0.001570  0.998747  0.001808             
XRCC3                              1.481251e-07   1.000000  0.000124       -0.000244        0.000244             0.999756             1.000244     0.0  0.001191  0.999050  0.001372             
Stage_II                           1.467084e-07   1.000000  0.000139       -0.000272        0.000272             0.999728             1.000272     0.0  0.001056  0.999157  0.001217             
MRE11                              1.277901e-07   1.000000  0.000120       -0.000236        0.000236             0.999764             1.000236     0.0  0.001061  0.999153  0.001222             
CUL3                               1.189148e-07   1.000000  0.000089       -0.000175        0.000175             0.999825             1.000175     0.0  0.001331  0.998938  0.001533             
BRCC3                              1.159292e-07   1.000000  0.000083       -0.000162        0.000162             0.999838             1.000162     0.0  0.001401  0.998882  0.001614             
HIF1A                              1.063200e-07   1.000000  0.000095       -0.000186        0.000186             0.999814             1.000187     0.0  0.001118  0.999108  0.001288             
BRAF                               1.026523e-07   1.000000  0.000110       -0.000216        0.000216             0.999784             1.000216     0.0  0.000932  0.999256  0.001074             
POLE                               9.717059e-08   1.000000  0.000112       -0.000219        0.000220             0.999781             1.000220     0.0  0.000867  0.999308  0.000999             
CASP3                              9.024377e-08   1.000000  0.000100       -0.000195        0.000195             0.999805             1.000195     0.0  0.000905  0.999278  0.001043             
ATM                                8.939652e-08   1.000000  0.000199       -0.000390        0.000390             0.999610             1.000391     0.0  0.000449  0.999642  0.000517             
RAD50                              8.939592e-08   1.000000  0.000086       -0.000169        0.000169             0.999831             1.000169     0.0  0.001039  0.999171  0.001196             
DUT                                8.652927e-08   1.000000  0.000104       -0.000203        0.000203             0.999797             1.000203     0.0  0.000835  0.999334  0.000961             
RRM1                               8.469434e-08   1.000000  0.000081       -0.000159        0.000159             0.999841             1.000159     0.0  0.001044  0.999167  0.001203             
FGFR1                              7.581465e-08   1.000000  0.000100       -0.000195        0.000195             0.999805             1.000195     0.0  0.000762  0.999392  0.000877             
E2F1                               7.062207e-08   1.000000  0.000131       -0.000257        0.000257             0.999743             1.000257     0.0  0.000539  0.999570  0.000621             
MSH2                               6.672996e-08   1.000000  0.000067       -0.000131        0.000131             0.999869             1.000131     0.0  0.000996  0.999205  0.001147             
Stage_IB                           6.465002e-08   1.000000  0.000095       -0.000187        0.000187             0.999813             1.000187     0.0  0.000678  0.999459  0.000781             
MCL1                               6.345809e-08   1.000000  0.000101       -0.000198        0.000198             0.999802             1.000198     0.0  0.000628  0.999499  0.000723             
CHEK1                              5.979466e-08   1.000000  0.000060       -0.000118        0.000118             0.999882             1.000118     0.0  0.000994  0.999207  0.001145             
BRIP1                              5.955873e-08   1.000000  0.000075       -0.000147        0.000147             0.999853             1.000147     0.0  0.000796  0.999365  0.000917             
EGFR                               5.836621e-08   1.000000  0.000087       -0.000170        0.000171             0.999830             1.000171     0.0  0.000671  0.999465  0.000773             
SIRT1                              5.299621e-08   1.000000  0.000081       -0.000158        0.000159             0.999842             1.000159     0.0  0.000656  0.999477  0.000755             
RAD51                              5.226795e-08   1.000000  0.000082       -0.000161        0.000161             0.999839             1.000161     0.0  0.000636  0.999493  0.000732             
CDH1                               4.666706e-08   1.000000  0.000069       -0.000135        0.000135             0.999865             1.000136     0.0  0.000675  0.999461  0.000778             
RAD17                              4.302440e-08   1.000000  0.000136       -0.000267        0.000267             0.999733             1.000267     0.0  0.000316  0.999748  0.000364             
STK11                              4.254104e-08   1.000000  0.000127       -0.000248        0.000249             0.999752             1.000249     0.0  0.000336  0.999732  0.000386             
CDKN1B                             4.107888e-08   1.000000  0.000096       -0.000189        0.000189             0.999811             1.000189     0.0  0.000426  0.999660  0.000490             
PDK1                               4.071539e-08   1.000000  0.000072       -0.000141        0.000141             0.999859             1.000141     0.0  0.000565  0.999549  0.000651             
ATR                                3.801979e-08   1.000000  0.000095       -0.000187        0.000187             0.999813             1.000187     0.0  0.000399  0.999682  0.000459             
ABCB1                              3.791637e-08   1.000000  0.000073       -0.000144        0.000144             0.999856             1.000144     0.0  0.000517  0.999588  0.000595             
BRCA1                              3.627020e-08   1.000000  0.000089       -0.000174        0.000174             0.999826             1.000174     0.0  0.000409  0.999674  0.000471             
CCNB1                              3.235795e-08   1.000000  0.000041       -0.000080        0.000080             0.999920             1.000080     0.0  0.000795  0.999366  0.000915             
AKT1                               3.152303e-08   1.000000  0.000098       -0.000191        0.000191             0.999809             1.000192     0.0  0.000323  0.999743  0.000372             
MSH6                               2.964093e-08   1.000000  0.000120       -0.000234        0.000234             0.999766             1.000234     0.0  0.000248  0.999802  0.000285             
XRCC2                              2.734553e-08   1.000000  0.000111       -0.000218        0.000218             0.999782             1.000218     0.0  0.000246  0.999804  0.000283             
CDK6                               2.319948e-08   1.000000  0.000067       -0.000132        0.000132             0.999868             1.000132     0.0  0.000344  0.999725  0.000396             
SOX2                               2.130063e-08   1.000000  0.000042       -0.000082        0.000082             0.999918             1.000082     0.0  0.000508  0.999595  0.000585             
MTHFD2                             2.033358e-08   1.000000  0.000073       -0.000143        0.000143             0.999857             1.000144     0.0  0.000278  0.999778  0.000320             
DNMT1                              1.903323e-08   1.000000  0.000094       -0.000184        0.000184             0.999816             1.000184     0.0  0.000203  0.999838  0.000233             
MCM4                               1.790911e-08   1.000000  0.000057       -0.000113        0.000113             0.999887             1.000113     0.0  0.000312  0.999751  0.000359             
PRC1                               1.700406e-08   1.000000  0.000041       -0.000081        0.000081             0.999919             1.000081     0.0  0.000413  0.999670  0.000476             
TWIST1                             1.418275e-08   1.000000  0.000029       -0.000058        0.000058             0.999942             1.000058     0.0  0.000482  0.999616  0.000555             
NKX2-1                             1.327659e-08   1.000000  0.000034       -0.000067        0.000068             0.999933             1.000068     0.0  0.000386  0.999692  0.000444             
ACTB                               1.181174e-08   1.000000  0.000194       -0.000380        0.000380             0.999620             1.000380     0.0  0.000061  0.999951  0.000070             
Age                                9.311645e-09   1.000000  0.000005       -0.000011        0.000011             0.999989             1.000011     0.0  0.001725  0.998624  0.001987             
MCM2                               7.543852e-09   1.000000  0.000049       -0.000096        0.000096             0.999904             1.000096     0.0  0.000154  0.999877  0.000177             
CCNE1                              6.517512e-09   1.000000  0.000089       -0.000174        0.000174             0.999826             1.000174     0.0  0.000073  0.999941  0.000084             
KRAS                               6.418248e-09   1.000000  0.000156       -0.000307        0.000307             0.999693             1.000307     0.0  0.000041  0.999967  0.000047             
TYMS                               6.383416e-09   1.000000  0.000047       -0.000092        0.000092             0.999908             1.000092     0.0  0.000136  0.999892  0.000156             
NBN                                6.274953e-09   1.000000  0.000072       -0.000142        0.000142             0.999858             1.000142     0.0  0.000087  0.999931  0.000100             
MYC                                5.554601e-09   1.000000  0.000044       -0.000087        0.000087             0.999913             1.000087     0.0  0.000125  0.999900  0.000144             
GAPDH                              5.461426e-09   1.000000  0.000094       -0.000184        0.000184             0.999816             1.000184     0.0  0.000058  0.999954  0.000067             
POLD1                              5.374013e-09   1.000000  0.000099       -0.000195        0.000195             0.999805             1.000195     0.0  0.000054  0.999957  0.000062             
CDC20                              3.929753e-09   1.000000  0.000036       -0.000070        0.000070             0.999930             1.000070     0.0  0.000109  0.999913  0.000126             
SOD2                               3.148759e-09   1.000000  0.000059       -0.000115        0.000115             0.999885             1.000115     0.0  0.000054  0.999957  0.000062             
SLFN11                             3.101357e-09   1.000000  0.000061       -0.000119        0.000119             0.999881             1.000119     0.0  0.000051  0.999959  0.000059             
CDKN2A                            -8.061771e-10   1.000000  0.000031       -0.000060        0.000060             0.999940             1.000060     0.0 -0.000026  0.999979  0.000030             
GTF2I                             -4.258761e-09   1.000000  0.000100       -0.000197        0.000197             0.999803             1.000197     0.0 -0.000042  0.999966  0.000049             
TLE1                              -4.264836e-09   1.000000  0.000084       -0.000165        0.000165             0.999835             1.000165     0.0 -0.000051  0.999959  0.000058             
CHEK2                             -5.439890e-09   1.000000  0.000071       -0.000139        0.000139             0.999861             1.000139     0.0 -0.000077  0.999939  0.000089             
PIK3CA                            -6.229694e-09   1.000000  0.000089       -0.000174        0.000174             0.999826             1.000174     0.0 -0.000070  0.999944  0.000081             
SMARCA4                           -7.291326e-09   1.000000  0.000087       -0.000171        0.000170             0.999830             1.000171     0.0 -0.000084  0.999933  0.000096             
CD274                             -9.679989e-09   1.000000  0.000058       -0.000114        0.000114             0.999886             1.000114     0.0 -0.000167  0.999867  0.000192             
ARID1A                            -9.992754e-09   1.000000  0.000091       -0.000179        0.000179             0.999821             1.000179     0.0 -0.000110  0.999913  0.000126             
CD8A                              -1.017901e-08   1.000000  0.000043       -0.000085        0.000085             0.999915             1.000085     0.0 -0.000234  0.999813  0.000270             
FANCA                             -1.033881e-08   1.000000  0.000113       -0.000222        0.000222             0.999778             1.000222     0.0 -0.000091  0.999927  0.000105             
PKM                               -1.232622e-08   1.000000  0.000079       -0.000156        0.000156             0.999844             1.000156     0.0 -0.000155  0.999876  0.000179             
ERBB2                             -1.833890e-08   1.000000  0.000097       -0.000189        0.000189             0.999811             1.000189     0.0 -0.000190  0.999849  0.000218             
VIM                               -2.147745e-08   1.000000  0.000079       -0.000155        0.000155             0.999845             1.000155     0.0 -0.000272  0.999783  0.000313             
ATG5                              -2.184505e-08   1.000000  0.000076       -0.000148        0.000148             0.999852             1.000148     0.0 -0.000289  0.999770  0.000332             
SNAI1                             -2.355420e-08   1.000000  0.000111       -0.000218        0.000218             0.999782             1.000218     0.0 -0.000212  0.999831  0.000244             
RB1                               -2.587553e-08   1.000000  0.000125       -0.000246        0.000245             0.999754             1.000246     0.0 -0.000207  0.999835  0.000238             
GSTM1                             -2.663367e-08   1.000000  0.000058       -0.000115        0.000115             0.999885             1.000115     0.0 -0.000456  0.999636  0.000525             
KDM5B                             -2.880092e-08   1.000000  0.000087       -0.000171        0.000171             0.999829             1.000171     0.0 -0.000330  0.999736  0.000380             
TUBB3                             -2.939640e-08   1.000000  0.000079       -0.000155        0.000155             0.999845             1.000155     0.0 -0.000371  0.999704  0.000427             
PTEN                              -3.054258e-08   1.000000  0.000101       -0.000198        0.000198             0.999802             1.000198     0.0 -0.000302  0.999759  0.000348             
MDM2                              -3.082280e-08   1.000000  0.000086       -0.000169        0.000169             0.999831             1.000169     0.0 -0.000358  0.999714  0.000412             
KEAP1                             -3.235400e-08   1.000000  0.000086       -0.000169        0.000169             0.999831             1.000169     0.0 -0.000375  0.999701  0.000432             
ABCC1                             -3.432513e-08   1.000000  0.000058       -0.000114        0.000114             0.999886             1.000114     0.0 -0.000591  0.999529  0.000680             
MET                               -3.679227e-08   1.000000  0.000057       -0.000112        0.000112             0.999888             1.000112     0.0 -0.000645  0.999485  0.000743             
CDK4                              -3.773157e-08   1.000000  0.000080       -0.000156        0.000156             0.999844             1.000156     0.0 -0.000473  0.999623  0.000545             
PARP1                             -4.111337e-08   1.000000  0.000105       -0.000206        0.000206             0.999794             1.000206     0.0 -0.000391  0.999688  0.000450             
CASP9                             -4.239019e-08   1.000000  0.000122       -0.000239        0.000239             0.999761             1.000239     0.0 -0.000347  0.999723  0.000400             
GSTP1                             -4.305633e-08   1.000000  0.000079       -0.000156        0.000155             0.999844             1.000155     0.0 -0.000543  0.999567  0.000625             
ALK                               -4.743740e-08   1.000000  0.000098       -0.000192        0.000192             0.999808             1.000192     0.0 -0.000485  0.999613  0.000559             
CCND1                             -5.118044e-08   1.000000  0.000051       -0.000101        0.000101             0.999899             1.000101     0.0 -0.000996  0.999206  0.001146             
CDKN1A                            -5.334506e-08   1.000000  0.000067       -0.000131        0.000131             0.999869             1.000131     0.0 -0.000800  0.999361  0.000922             
TP53                              -5.546252e-08   1.000000  0.000078       -0.000153        0.000153             0.999847             1.000153     0.0 -0.000712  0.999432  0.000820             
VEGFA                             -5.733186e-08   1.000000  0.000063       -0.000123        0.000123             0.999877             1.000123     0.0 -0.000916  0.999269  0.001055             
NFE2L2                            -6.279765e-08   1.000000  0.000118       -0.000231        0.000231             0.999769             1.000231     0.0 -0.000533  0.999575  0.000614             
FANCD2                            -6.850531e-08   1.000000  0.000218       -0.000427        0.000427             0.999573             1.000427     0.0 -0.000314  0.999749  0.000362             
BCL2                              -6.999878e-08   1.000000  0.000172       -0.000337        0.000337             0.999663             1.000337     0.0 -0.000407  0.999675  0.000469             
BAX                               -7.187003e-08   1.000000  0.000100       -0.000197        0.000197             0.999803             1.000197     0.0 -0.000716  0.999429  0.000825             
HERPUD1                           -7.542207e-08   1.000000  0.000145       -0.000283        0.000283             0.999717             1.000283     0.0 -0.000522  0.999584  0.000601             
SPARC                             -7.886410e-08   1.000000  0.000073       -0.000143        0.000143             0.999857             1.000143     0.0 -0.001083  0.999136  0.001247             
MLH1                              -7.927217e-08   1.000000  0.000133       -0.000260        0.000260             0.999740             1.000260     0.0 -0.000597  0.999524  0.000687             
XRCC1                             -8.049351e-08   1.000000  0.000154       -0.000302        0.000302             0.999698             1.000302     0.0 -0.000523  0.999583  0.000602             
ERCC1                             -8.617817e-08   1.000000  0.000103       -0.000202        0.000202             0.999798             1.000202     0.0 -0.000835  0.999334  0.000961             
DNMT3A                            -1.314874e-07   1.000000  0.000107       -0.000209        0.000209             0.999791             1.000209     0.0 -0.001233  0.999016  0.001420             
Race_Unknown                      -1.340336e-07   1.000000  0.000129       -0.000254        0.000253             0.999746             1.000253     0.0 -0.001036  0.999173  0.001193             
APAF1                             -1.712820e-07   1.000000  0.000204       -0.000400        0.000400             0.999600             1.000400     0.0 -0.000839  0.999330  0.000967             
MTHFR                             -1.998333e-07   1.000000  0.000187       -0.000367        0.000367             0.999633             1.000367     0.0 -0.001068  0.999148  0.001230             
Histology_Adenocarcinoma          -2.143725e-07   1.000000  0.000134       -0.000264        0.000263             0.999737             1.000263     0.0 -0.001596  0.998727  0.001838             
Stage_I                           -2.225258e-07   1.000000  0.000263       -0.000516        0.000516             0.999484             1.000516     0.0 -0.000846  0.999325  0.000974             
ATG7                              -2.327937e-07   1.000000  0.000162       -0.000318        0.000318             0.999682             1.000318     0.0 -0.001436  0.998854  0.001654             
Race_White                        -2.899798e-07   1.000000  0.000309       -0.000606        0.000606             0.999394             1.000606     0.0 -0.000938  0.999252  0.001080             
ERBB3                             -3.373704e-07   1.000000  0.000215       -0.000422        0.000421             0.999579             1.000421     0.0 -0.001570  0.998747  0.001808             
Stage_IA                          -3.549572e-07   1.000000  0.000140       -0.000276        0.000275             0.999724             1.000275     0.0 -0.002528  0.997983  0.002913             

Model metrics: -542.1199
0.7537

Train Concordance = 0.754
Concordance on test set = 0.589
Partial AIC = 1320.240
log-likelihood ratio test = -0.002 on 118 df
-log2(p) of ll-ratio test = -0.000