                   coef  exp(coef)  se(coef)  coef lower 95%  coef upper 95%  exp(coef) lower 95%  exp(coef) upper 95%  cmp to         z         p   -log2(p) significance
covariate                                                                                                                                                                 
RTCA       1.387663e-01   1.148856  0.086030       -0.029849        0.307381             0.970592             1.359859     0.0  1.613005  0.106743   3.227781             
PFKP       7.207736e-02   1.074738  0.071994       -0.069029        0.213184             0.933300             1.237612     0.0  1.001154  0.316752   1.658573             
HILPDA     4.525925e-02   1.046299  0.063472       -0.079144        0.169663             0.923907             1.184905     0.0  0.713056  0.475811   1.071539             
Age        1.464636e-02   1.014754  0.005097        0.004656        0.024636             1.004667             1.024942     0.0  2.873495  0.004060   7.944456           **
ZFR2       3.852869e-07   1.000000  0.000239       -0.000468        0.000468             0.999533             1.000468     0.0  0.001614  0.998712   0.001859             
NCAPG2     2.939170e-07   1.000000  0.000194       -0.000380        0.000380             0.999620             1.000380     0.0  0.001516  0.998790   0.001746             
CCNB1      1.431606e-07   1.000000  0.000087       -0.000171        0.000171             0.999829             1.000171     0.0  0.001638  0.998693   0.001887             
ETV5      -4.593123e-07   1.000000  0.000372       -0.000729        0.000728             0.999271             1.000728     0.0 -0.001236  0.999014   0.001423             
ADGRF5    -7.372392e-04   0.999263  0.048403       -0.095606        0.094131             0.908822             1.098704     0.0 -0.015231  0.987848   0.017639             
PURA      -2.523701e-03   0.997479  0.095345       -0.189397        0.184350             0.827458             1.202437     0.0 -0.026469  0.978883   0.030791             
KDM5C     -2.250487e-02   0.977746  0.169241       -0.354211        0.309201             0.701727             1.362336     0.0 -0.132975  0.894213   0.161310             
GUCY1A1   -2.517793e-02   0.975136  0.075264       -0.172693        0.122338             0.841396             1.130136     0.0 -0.334526  0.737982   0.438342             
PARM1     -3.402222e-02   0.966550  0.055118       -0.142051        0.074007             0.867577             1.076814     0.0 -0.617263  0.537061   0.896842             
SETBP1    -3.976329e-02   0.961017  0.067000       -0.171081        0.091554             0.842754             1.095876     0.0 -0.593483  0.552858   0.855020             
SLC1A4    -5.077557e-02   0.950492  0.075944       -0.199623        0.098072             0.819040             1.103042     0.0 -0.668594  0.503755   0.989207             
STIM1     -7.552325e-02   0.927258  0.179610       -0.427552        0.276506             0.652103             1.318514     0.0 -0.420485  0.674131   0.568899             
FAM117A   -1.113855e-01   0.894594  0.109103       -0.325224        0.102453             0.722365             1.107886     0.0 -1.020916  0.307294   1.702308             
TENT5C    -1.124252e-01   0.893664  0.069249       -0.248151        0.023300             0.780242             1.023574     0.0 -1.623494  0.104484   3.258649             
Stage_IA  -4.497343e-01   0.637798  0.114471       -0.674092       -0.225376             0.509619             0.798216     0.0 -3.928822  0.000085  13.516030          ***

Model metrics: -2459.4958
0.7016

Train Concordance = 0.702
Concordance on test set = 0.658
Partial AIC = 4956.992
log-likelihood ratio test = 61.361 on 19 df
-log2(p) of ll-ratio test = 18.697