                                           coef  exp(coef)  se(coef)  coef lower 95%  coef upper 95%  exp(coef) lower 95%  exp(coef) upper 95%  cmp to         z         p  -log2(p) significance
covariate                                                                                                                                                                                        
Stage_IIIA                         2.920448e-01   1.339163  0.725245       -1.129409        1.713498             0.323224             5.548337     0.0  0.402684  0.687180  0.541239             
V16002                             9.739204e-02   1.102292  0.233705       -0.360662        0.555446             0.697215             1.742718     0.0  0.416730  0.676876  0.563037             
Stage_IIB                          9.644881e-02   1.101253  0.245298       -0.384326        0.577223             0.680910             1.781086     0.0  0.393191  0.694178  0.526622             
V14424                             8.662662e-02   1.090489  0.328605       -0.557427        0.730680             0.572681             2.076493     0.0  0.263619  0.792073  0.336294             
V4718                              6.712468e-02   1.069429  0.159537       -0.245563        0.379812             0.782264             1.462010     0.0  0.420746  0.673940  0.569307             
V4652                              6.577144e-02   1.067983  0.187090       -0.300918        0.432461             0.740138             1.541045     0.0  0.351550  0.725176  0.463597             
Smoked?                            4.627784e-02   1.047365  0.180529       -0.307552        0.400107             0.735245             1.491985     0.0  0.256346  0.797683  0.326112             
Sex                                3.741486e-02   1.038124  0.162217       -0.280524        0.355354             0.755388             1.426686     0.0  0.230647  0.817589  0.290552             
Age                                3.481022e-03   1.003487  0.008587       -0.013350        0.020312             0.986739             1.020519     0.0  0.405369  0.685206  0.545390             
V9426                              4.836765e-07   1.000000  0.002171       -0.004254        0.004255             0.995755             1.004264     0.0  0.000223  0.999822  0.000256             
Adjuvant Chemo                     3.215885e-07   1.000000  0.001443       -0.002827        0.002828             0.997177             1.002832     0.0  0.000223  0.999822  0.000257             
Histology_Large Cell Carcinoma     2.399536e-07   1.000000  0.000463       -0.000907        0.000907             0.999094             1.000908     0.0  0.000519  0.999586  0.000597             
Stage_IIIB                         2.046556e-07   1.000000  0.000395       -0.000774        0.000774             0.999226             1.000775     0.0  0.000518  0.999587  0.000596             
V10248                             1.758869e-07   1.000000  0.000347       -0.000681        0.000681             0.999319             1.000681     0.0  0.000506  0.999596  0.000583             
V5607                              1.646450e-07   1.000000  0.000329       -0.000645        0.000645             0.999355             1.000646     0.0  0.000500  0.999601  0.000576             
V10393                             1.511939e-07   1.000000  0.000348       -0.000683        0.000683             0.999318             1.000683     0.0  0.000434  0.999654  0.000500             
V17158                             1.426869e-07   1.000000  0.000275       -0.000540        0.000540             0.999461             1.000540     0.0  0.000518  0.999587  0.000597             
V8823                              1.412558e-07   1.000000  0.000277       -0.000542        0.000542             0.999458             1.000542     0.0  0.000511  0.999593  0.000588             
V547                               1.376003e-07   1.000000  0.000366       -0.000717        0.000717             0.999283             1.000717     0.0  0.000376  0.999700  0.000433             
V10714                             1.365397e-07   1.000000  0.000279       -0.000546        0.000546             0.999454             1.000547     0.0  0.000490  0.999609  0.000564             
V10147                             1.293477e-07   1.000000  0.000275       -0.000539        0.000539             0.999461             1.000540     0.0  0.000470  0.999625  0.000541             
Stage_IIA                          1.227821e-07   1.000000  0.000322       -0.000630        0.000631             0.999370             1.000631     0.0  0.000382  0.999695  0.000439             
Race_Caucasian                     1.213654e-07   1.000000  0.000238       -0.000466        0.000466             0.999535             1.000466     0.0  0.000511  0.999592  0.000588             
V4904                              1.168117e-07   1.000000  0.000272       -0.000533        0.000533             0.999468             1.000533     0.0  0.000430  0.999657  0.000495             
V18336                             1.157660e-07   1.000000  0.000237       -0.000463        0.000464             0.999537             1.000464     0.0  0.000489  0.999609  0.000564             
V9817                              1.078181e-07   1.000000  0.000209       -0.000409        0.000409             0.999591             1.000409     0.0  0.000517  0.999588  0.000595             
V4281                              1.046507e-07   1.000000  0.000293       -0.000575        0.000575             0.999425             1.000575     0.0  0.000357  0.999715  0.000411             
V9500                              1.046071e-07   1.000000  0.000293       -0.000574        0.000574             0.999426             1.000575     0.0  0.000357  0.999715  0.000411             
V12352                             1.001653e-07   1.000000  0.000255       -0.000500        0.000501             0.999500             1.000501     0.0  0.000392  0.999687  0.000452             
V13767                             1.001071e-07   1.000000  0.000201       -0.000395        0.000395             0.999605             1.000395     0.0  0.000497  0.999603  0.000572             
V8721                              9.663332e-08   1.000000  0.000199       -0.000390        0.000390             0.999610             1.000390     0.0  0.000486  0.999613  0.000559             
V8070                              9.105494e-08   1.000000  0.000210       -0.000411        0.000411             0.999589             1.000411     0.0  0.000434  0.999653  0.000500             
V12279                             9.030649e-08   1.000000  0.000175       -0.000343        0.000344             0.999657             1.000344     0.0  0.000515  0.999589  0.000593             
V39                                8.919205e-08   1.000000  0.000203       -0.000398        0.000398             0.999602             1.000398     0.0  0.000439  0.999650  0.000505             
V9624                              7.856899e-08   1.000000  0.000247       -0.000485        0.000485             0.999515             1.000485     0.0  0.000318  0.999747  0.000366             
Stage_II                           7.674983e-08   1.000000  0.000155       -0.000304        0.000304             0.999696             1.000304     0.0  0.000495  0.999605  0.000570             
V10064                             7.655408e-08   1.000000  0.000187       -0.000367        0.000367             0.999633             1.000368     0.0  0.000408  0.999674  0.000470             
V17687                             7.473277e-08   1.000000  0.000237       -0.000465        0.000465             0.999535             1.000465     0.0  0.000315  0.999749  0.000363             
V4336                              7.431799e-08   1.000000  0.000193       -0.000378        0.000378             0.999622             1.000378     0.0  0.000385  0.999693  0.000444             
V20207                             7.381859e-08   1.000000  0.000187       -0.000367        0.000367             0.999633             1.000367     0.0  0.000394  0.999685  0.000454             
V688                               7.380184e-08   1.000000  0.000148       -0.000291        0.000291             0.999709             1.000291     0.0  0.000497  0.999603  0.000573             
V3918                              7.121966e-08   1.000000  0.000192       -0.000376        0.000376             0.999624             1.000377     0.0  0.000371  0.999704  0.000427             
V1278                              6.983339e-08   1.000000  0.000186       -0.000364        0.000364             0.999636             1.000365     0.0  0.000376  0.999700  0.000432             
V4554                              6.956103e-08   1.000000  0.000144       -0.000282        0.000282             0.999718             1.000282     0.0  0.000484  0.999614  0.000557             
Histology_Squamous Cell Carcinoma  6.850390e-08   1.000000  0.000143       -0.000281        0.000281             0.999719             1.000281     0.0  0.000477  0.999619  0.000550             
V16606                             6.829399e-08   1.000000  0.000139       -0.000272        0.000272             0.999728             1.000272     0.0  0.000493  0.999607  0.000567             
V20976                             6.796552e-08   1.000000  0.000133       -0.000261        0.000261             0.999740             1.000261     0.0  0.000511  0.999592  0.000589             
V14847                             6.699804e-08   1.000000  0.000152       -0.000298        0.000298             0.999702             1.000298     0.0  0.000440  0.999649  0.000507             
V12052                             6.631288e-08   1.000000  0.000128       -0.000251        0.000252             0.999749             1.000252     0.0  0.000517  0.999588  0.000595             
V17390                             6.609495e-08   1.000000  0.000153       -0.000301        0.000301             0.999699             1.000301     0.0  0.000431  0.999656  0.000496             
V19916                             6.200725e-08   1.000000  0.000120       -0.000236        0.000236             0.999764             1.000236     0.0  0.000515  0.999589  0.000593             
V4686                              5.982013e-08   1.000000  0.000121       -0.000237        0.000237             0.999763             1.000237     0.0  0.000495  0.999605  0.000570             
V21280                             5.824258e-08   1.000000  0.000113       -0.000221        0.000221             0.999779             1.000221     0.0  0.000516  0.999588  0.000594             
V6967                              5.559205e-08   1.000000  0.000112       -0.000219        0.000219             0.999781             1.000219     0.0  0.000498  0.999603  0.000573             
V10891                             5.443360e-08   1.000000  0.000143       -0.000281        0.000281             0.999719             1.000281     0.0  0.000380  0.999697  0.000437             
V9204                              5.133370e-08   1.000000  0.000221       -0.000434        0.000434             0.999566             1.000434     0.0  0.000232  0.999815  0.000267             
V19785                             5.110077e-08   1.000000  0.000099       -0.000195        0.000195             0.999805             1.000195     0.0  0.000514  0.999590  0.000592             
V1516                              4.977441e-08   1.000000  0.000126       -0.000247        0.000247             0.999753             1.000247     0.0  0.000396  0.999684  0.000455             
V10358                             4.825767e-08   1.000000  0.000224       -0.000440        0.000440             0.999560             1.000440     0.0  0.000215  0.999828  0.000247             
V18946                             4.723861e-08   1.000000  0.000120       -0.000236        0.000236             0.999764             1.000236     0.0  0.000392  0.999687  0.000452             
V10299                             4.624220e-08   1.000000  0.000113       -0.000221        0.000221             0.999779             1.000221     0.0  0.000409  0.999673  0.000471             
V7574                              4.502123e-08   1.000000  0.000109       -0.000213        0.000213             0.999787             1.000213     0.0  0.000415  0.999669  0.000478             
V17250                             4.502089e-08   1.000000  0.000145       -0.000285        0.000285             0.999716             1.000285     0.0  0.000310  0.999753  0.000357             
V20954                             4.402503e-08   1.000000  0.000145       -0.000285        0.000285             0.999715             1.000285     0.0  0.000303  0.999758  0.000349             
V14855                             4.400508e-08   1.000000  0.000091       -0.000178        0.000178             0.999822             1.000178     0.0  0.000485  0.999613  0.000559             
V15552                             4.372964e-08   1.000000  0.000086       -0.000168        0.000168             0.999832             1.000168     0.0  0.000511  0.999593  0.000588             
V2442                              4.224669e-08   1.000000  0.000093       -0.000183        0.000183             0.999817             1.000183     0.0  0.000452  0.999639  0.000520             
V8485                              4.085614e-08   1.000000  0.000141       -0.000277        0.000277             0.999723             1.000277     0.0  0.000289  0.999769  0.000333             
V5865                              3.857212e-08   1.000000  0.000225       -0.000441        0.000441             0.999559             1.000441     0.0  0.000172  0.999863  0.000197             
V19631                             3.784544e-08   1.000000  0.000088       -0.000172        0.000172             0.999828             1.000172     0.0  0.000430  0.999657  0.000495             
V20816                             3.731466e-08   1.000000  0.000073       -0.000142        0.000142             0.999858             1.000142     0.0  0.000514  0.999590  0.000591             
V17864                             3.720532e-08   1.000000  0.000073       -0.000144        0.000144             0.999856             1.000144     0.0  0.000507  0.999596  0.000583             
V17939                             3.584943e-08   1.000000  0.000092       -0.000180        0.000180             0.999820             1.000180     0.0  0.000391  0.999688  0.000450             
V6276                              3.573176e-08   1.000000  0.000071       -0.000139        0.000139             0.999861             1.000139     0.0  0.000504  0.999598  0.000580             
V2193                              3.509265e-08   1.000000  0.000088       -0.000173        0.000173             0.999827             1.000173     0.0  0.000398  0.999683  0.000458             
V16536                             3.434767e-08   1.000000  0.000117       -0.000229        0.000230             0.999771             1.000230     0.0  0.000293  0.999766  0.000338             
V8208                              3.320092e-08   1.000000  0.000072       -0.000141        0.000141             0.999859             1.000141     0.0  0.000460  0.999633  0.000530             
V1884                              3.274947e-08   1.000000  0.000082       -0.000160        0.000160             0.999840             1.000160     0.0  0.000400  0.999681  0.000461             
V13887                             3.233356e-08   1.000000  0.000090       -0.000176        0.000176             0.999824             1.000176     0.0  0.000361  0.999712  0.000415             
V788                               3.212128e-08   1.000000  0.000064       -0.000125        0.000125             0.999875             1.000125     0.0  0.000504  0.999598  0.000580             
V16177                             2.835261e-08   1.000000  0.000089       -0.000175        0.000175             0.999825             1.000175     0.0  0.000317  0.999747  0.000365             
V16090                             2.733258e-08   1.000000  0.000130       -0.000255        0.000256             0.999745             1.000256     0.0  0.000210  0.999833  0.000241             
V14327                             2.652010e-08   1.000000  0.000061       -0.000120        0.000120             0.999880             1.000120     0.0  0.000432  0.999655  0.000498             
V9905                              2.563497e-08   1.000000  0.000194       -0.000381        0.000381             0.999619             1.000381     0.0  0.000132  0.999895  0.000152             
V17877                             2.521442e-08   1.000000  0.000065       -0.000127        0.000127             0.999873             1.000127     0.0  0.000390  0.999689  0.000449             
V16537                             2.438695e-08   1.000000  0.000065       -0.000128        0.000128             0.999872             1.000128     0.0  0.000373  0.999702  0.000430             
V13                                2.386869e-08   1.000000  0.000156       -0.000305        0.000305             0.999695             1.000305     0.0  0.000153  0.999878  0.000177             
V6557                              2.254602e-08   1.000000  0.000047       -0.000091        0.000091             0.999909             1.000091     0.0  0.000484  0.999614  0.000558             
V7221                              2.249698e-08   1.000000  0.000108       -0.000211        0.000211             0.999789             1.000211     0.0  0.000209  0.999833  0.000241             
V11846                             2.206182e-08   1.000000  0.000250       -0.000490        0.000490             0.999510             1.000490     0.0  0.000088  0.999930  0.000102             
V11095                             2.193304e-08   1.000000  0.000050       -0.000099        0.000099             0.999901             1.000099     0.0  0.000434  0.999653  0.000500             
V11084                             2.189883e-08   1.000000  0.000043       -0.000084        0.000084             0.999916             1.000084     0.0  0.000510  0.999593  0.000587             
V14531                             2.184693e-08   1.000000  0.000069       -0.000135        0.000135             0.999865             1.000135     0.0  0.000317  0.999747  0.000365             
V18574                             2.152672e-08   1.000000  0.000128       -0.000252        0.000252             0.999748             1.000252     0.0  0.000168  0.999866  0.000193             
V19543                             2.142100e-08   1.000000  0.000073       -0.000142        0.000142             0.999858             1.000142     0.0  0.000295  0.999764  0.000340             
V12948                             1.990817e-08   1.000000  0.000160       -0.000314        0.000314             0.999686             1.000314     0.0  0.000124  0.999901  0.000143             
V11784                             1.933040e-08   1.000000  0.000063       -0.000123        0.000123             0.999877             1.000123     0.0  0.000308  0.999754  0.000355             
V9223                              1.867380e-08   1.000000  0.000149       -0.000292        0.000292             0.999708             1.000292     0.0  0.000125  0.999900  0.000144             
V11050                             1.812376e-08   1.000000  0.000198       -0.000389        0.000389             0.999611             1.000389     0.0  0.000091  0.999927  0.000105             
V5844                              1.775773e-08   1.000000  0.000086       -0.000168        0.000168             0.999832             1.000168     0.0  0.000208  0.999834  0.000239             
V8838                              1.653015e-08   1.000000  0.000335       -0.000656        0.000656             0.999344             1.000657     0.0  0.000049  0.999961  0.000057             
V11086                             1.589445e-08   1.000000  0.000035       -0.000069        0.000069             0.999931             1.000069     0.0  0.000452  0.999639  0.000521             
V4083                              1.504615e-08   1.000000  0.000143       -0.000280        0.000280             0.999720             1.000280     0.0  0.000105  0.999916  0.000121             
V7627                              1.434107e-08   1.000000  0.000044       -0.000086        0.000086             0.999914             1.000086     0.0  0.000327  0.999739  0.000376             
V8775                              1.414630e-08   1.000000  0.000063       -0.000123        0.000123             0.999877             1.000123     0.0  0.000225  0.999820  0.000259             
V8260                              1.400939e-08   1.000000  0.000049       -0.000096        0.000096             0.999904             1.000096     0.0  0.000286  0.999771  0.000330             
V19545                             1.360755e-08   1.000000  0.000046       -0.000090        0.000090             0.999910             1.000090     0.0  0.000295  0.999765  0.000340             
V9556                              1.304633e-08   1.000000  0.000110       -0.000215        0.000215             0.999785             1.000215     0.0  0.000119  0.999905  0.000137             
V10834                             1.272397e-08   1.000000  0.000038       -0.000075        0.000075             0.999925             1.000075     0.0  0.000331  0.999736  0.000381             
V17728                             1.271868e-08   1.000000  0.000040       -0.000078        0.000078             0.999922             1.000078     0.0  0.000321  0.999744  0.000369             
V11939                             1.245727e-08   1.000000  0.000061       -0.000120        0.000121             0.999880             1.000121     0.0  0.000203  0.999838  0.000233             
V10361                             1.243174e-08   1.000000  0.000166       -0.000326        0.000326             0.999674             1.000326     0.0  0.000075  0.999940  0.000086             
V4130                              1.211265e-08   1.000000  0.000059       -0.000116        0.000116             0.999884             1.000116     0.0  0.000205  0.999836  0.000236             
V8745                              1.144867e-08   1.000000  0.000126       -0.000246        0.000246             0.999754             1.000246     0.0  0.000091  0.999927  0.000105             
V3661                              1.144144e-08   1.000000  0.000145       -0.000283        0.000283             0.999717             1.000283     0.0  0.000079  0.999937  0.000091             
V11568                             9.645091e-09   1.000000  0.000047       -0.000091        0.000091             0.999909             1.000091     0.0  0.000207  0.999835  0.000238             
V3465                              8.443881e-09   1.000000  0.000038       -0.000075        0.000075             0.999925             1.000075     0.0  0.000220  0.999825  0.000253             
Stage_IB                           8.291609e-09   1.000000  0.000076       -0.000148        0.000148             0.999852             1.000148     0.0  0.000110  0.999913  0.000126             
V2240                              6.182989e-09   1.000000  0.000125       -0.000245        0.000245             0.999755             1.000245     0.0  0.000049  0.999961  0.000057             
V3750                              5.397776e-09   1.000000  0.000099       -0.000194        0.000194             0.999806             1.000194     0.0  0.000055  0.999956  0.000063             
V11793                             4.389402e-09   1.000000  0.000078       -0.000152        0.000152             0.999848             1.000152     0.0  0.000057  0.999955  0.000065             
V14296                             4.261076e-09   1.000000  0.000079       -0.000155        0.000155             0.999845             1.000155     0.0  0.000054  0.999957  0.000062             
V4736                              1.791824e-09   1.000000  0.000022       -0.000042        0.000042             0.999958             1.000042     0.0  0.000083  0.999934  0.000095             
V10762                             1.782714e-09   1.000000  0.000041       -0.000080        0.000080             0.999920             1.000080     0.0  0.000044  0.999965  0.000050             
V14913                             8.397338e-10   1.000000  0.000089       -0.000175        0.000175             0.999825             1.000175     0.0  0.000009  0.999992  0.000011             
V16555                             6.554510e-10   1.000000  0.000040       -0.000079        0.000079             0.999921             1.000079     0.0  0.000016  0.999987  0.000019             
V14426                            -1.229133e-09   1.000000  0.000100       -0.000197        0.000197             0.999803             1.000197     0.0 -0.000012  0.999990  0.000014             
V5271                             -1.460964e-09   1.000000  0.000143       -0.000280        0.000280             0.999720             1.000280     0.0 -0.000010  0.999992  0.000012             
V1632                             -1.633064e-09   1.000000  0.000081       -0.000158        0.000158             0.999842             1.000158     0.0 -0.000020  0.999984  0.000023             
V13781                            -1.950849e-09   1.000000  0.000051       -0.000100        0.000100             0.999900             1.000100     0.0 -0.000038  0.999970  0.000044             
V10046                            -3.033427e-09   1.000000  0.000157       -0.000308        0.000308             0.999692             1.000308     0.0 -0.000019  0.999985  0.000022             
V15607                            -3.069006e-09   1.000000  0.000094       -0.000184        0.000184             0.999816             1.000184     0.0 -0.000033  0.999974  0.000038             
V12374                            -3.553780e-09   1.000000  0.000058       -0.000114        0.000114             0.999886             1.000114     0.0 -0.000061  0.999951  0.000071             
V2159                             -4.880535e-09   1.000000  0.000021       -0.000041        0.000041             0.999959             1.000041     0.0 -0.000235  0.999813  0.000270             
V751                              -6.180886e-09   1.000000  0.000188       -0.000369        0.000369             0.999631             1.000369     0.0 -0.000033  0.999974  0.000038             
V9669                             -6.194565e-09   1.000000  0.000111       -0.000217        0.000217             0.999783             1.000217     0.0 -0.000056  0.999955  0.000064             
V290                              -7.429524e-09   1.000000  0.000066       -0.000130        0.000130             0.999870             1.000130     0.0 -0.000112  0.999911  0.000129             
V16975                            -8.253681e-09   1.000000  0.000038       -0.000074        0.000074             0.999926             1.000074     0.0 -0.000217  0.999827  0.000250             
V2234                             -8.431112e-09   1.000000  0.000029       -0.000056        0.000056             0.999944             1.000056     0.0 -0.000293  0.999767  0.000337             
V3260                             -8.718089e-09   1.000000  0.000132       -0.000259        0.000259             0.999741             1.000259     0.0 -0.000066  0.999947  0.000076             
V15192                            -9.321805e-09   1.000000  0.000063       -0.000124        0.000124             0.999876             1.000124     0.0 -0.000147  0.999883  0.000169             
V10921                            -1.008831e-08   1.000000  0.000118       -0.000232        0.000232             0.999768             1.000232     0.0 -0.000085  0.999932  0.000098             
V16307                            -1.025553e-08   1.000000  0.000049       -0.000096        0.000096             0.999904             1.000096     0.0 -0.000209  0.999833  0.000241             
V6948                             -1.125793e-08   1.000000  0.000069       -0.000135        0.000135             0.999865             1.000135     0.0 -0.000163  0.999870  0.000188             
V13589                            -1.392314e-08   1.000000  0.000061       -0.000119        0.000119             0.999881             1.000119     0.0 -0.000229  0.999818  0.000263             
V13296                            -1.443529e-08   1.000000  0.000057       -0.000111        0.000111             0.999889             1.000111     0.0 -0.000255  0.999796  0.000294             
V19633                            -1.602216e-08   1.000000  0.000059       -0.000115        0.000115             0.999885             1.000115     0.0 -0.000272  0.999783  0.000313             
V13925                            -1.721828e-08   1.000000  0.000056       -0.000110        0.000110             0.999890             1.000110     0.0 -0.000306  0.999756  0.000352             
V18375                            -1.755191e-08   1.000000  0.000071       -0.000140        0.000140             0.999860             1.000140     0.0 -0.000246  0.999804  0.000283             
V9716                             -1.823143e-08   1.000000  0.000087       -0.000170        0.000170             0.999830             1.000170     0.0 -0.000210  0.999833  0.000241             
V13702                            -1.841088e-08   1.000000  0.000062       -0.000121        0.000121             0.999879             1.000121     0.0 -0.000299  0.999762  0.000344             
V1790                             -1.852716e-08   1.000000  0.000113       -0.000221        0.000221             0.999779             1.000221     0.0 -0.000164  0.999869  0.000189             
V19585                            -1.945538e-08   1.000000  0.000070       -0.000136        0.000136             0.999864             1.000136     0.0 -0.000280  0.999777  0.000322             
V18923                            -2.076816e-08   1.000000  0.000084       -0.000165        0.000165             0.999835             1.000165     0.0 -0.000247  0.999803  0.000284             
V4710                             -2.232634e-08   1.000000  0.000137       -0.000268        0.000268             0.999732             1.000268     0.0 -0.000163  0.999870  0.000188             
V7665                             -2.371192e-08   1.000000  0.000151       -0.000295        0.000295             0.999705             1.000295     0.0 -0.000157  0.999874  0.000181             
V4121                             -2.500706e-08   1.000000  0.000098       -0.000193        0.000192             0.999807             1.000193     0.0 -0.000255  0.999797  0.000293             
V1989                             -2.662776e-08   1.000000  0.000170       -0.000333        0.000333             0.999667             1.000333     0.0 -0.000157  0.999875  0.000180             
V15412                            -2.735403e-08   1.000000  0.000098       -0.000192        0.000191             0.999808             1.000191     0.0 -0.000280  0.999777  0.000322             
V11462                            -2.876202e-08   1.000000  0.000162       -0.000318        0.000318             0.999682             1.000318     0.0 -0.000177  0.999858  0.000204             
V19203                            -2.934561e-08   1.000000  0.000140       -0.000274        0.000274             0.999726             1.000274     0.0 -0.000210  0.999832  0.000242             
V16649                            -3.017679e-08   1.000000  0.000092       -0.000181        0.000181             0.999819             1.000181     0.0 -0.000327  0.999739  0.000376             
V19617                            -3.069421e-08   1.000000  0.000065       -0.000127        0.000127             0.999873             1.000127     0.0 -0.000472  0.999623  0.000544             
V8807                             -3.459220e-08   1.000000  0.000164       -0.000321        0.000321             0.999679             1.000321     0.0 -0.000211  0.999831  0.000243             
V10476                            -3.622076e-08   1.000000  0.000146       -0.000285        0.000285             0.999715             1.000285     0.0 -0.000249  0.999801  0.000286             
V16650                            -3.633367e-08   1.000000  0.000083       -0.000164        0.000164             0.999836             1.000164     0.0 -0.000435  0.999653  0.000501             
V3412                             -4.134248e-08   1.000000  0.000167       -0.000327        0.000327             0.999673             1.000327     0.0 -0.000248  0.999802  0.000285             
V4133                             -4.210160e-08   1.000000  0.000090       -0.000177        0.000177             0.999823             1.000177     0.0 -0.000467  0.999628  0.000537             
V2010                             -4.470725e-08   1.000000  0.000106       -0.000207        0.000207             0.999793             1.000207     0.0 -0.000423  0.999662  0.000487             
V12277                            -4.555880e-08   1.000000  0.000099       -0.000195        0.000195             0.999805             1.000195     0.0 -0.000459  0.999634  0.000528             
V15944                            -4.716536e-08   1.000000  0.000106       -0.000207        0.000207             0.999793             1.000207     0.0 -0.000447  0.999644  0.000514             
V7342                             -4.811263e-08   1.000000  0.000211       -0.000413        0.000413             0.999587             1.000413     0.0 -0.000228  0.999818  0.000263             
V2179                             -4.884484e-08   1.000000  0.000147       -0.000288        0.000288             0.999712             1.000288     0.0 -0.000332  0.999735  0.000383             
V11437                            -4.999714e-08   1.000000  0.000098       -0.000191        0.000191             0.999809             1.000191     0.0 -0.000512  0.999592  0.000589             
V5291                             -5.218381e-08   1.000000  0.000199       -0.000391        0.000391             0.999609             1.000391     0.0 -0.000262  0.999791  0.000301             
V4189                             -5.230099e-08   1.000000  0.000105       -0.000205        0.000205             0.999795             1.000205     0.0 -0.000500  0.999601  0.000575             
V18954                            -5.348833e-08   1.000000  0.000120       -0.000235        0.000235             0.999765             1.000235     0.0 -0.000447  0.999643  0.000514             
V10617                            -5.638115e-08   1.000000  0.000111       -0.000218        0.000217             0.999782             1.000218     0.0 -0.000508  0.999595  0.000585             
V17846                            -5.697365e-08   1.000000  0.000114       -0.000224        0.000224             0.999776             1.000224     0.0 -0.000499  0.999602  0.000574             
V14625                            -5.818025e-08   1.000000  0.000124       -0.000243        0.000243             0.999757             1.000243     0.0 -0.000469  0.999626  0.000540             
V15047                            -6.508161e-08   1.000000  0.000143       -0.000280        0.000280             0.999720             1.000280     0.0 -0.000455  0.999637  0.000524             
Race_Unknown                      -6.555227e-08   1.000000  0.000137       -0.000268        0.000268             0.999732             1.000268     0.0 -0.000479  0.999618  0.000551             
V13365                            -6.778120e-08   1.000000  0.000139       -0.000273        0.000273             0.999727             1.000273     0.0 -0.000487  0.999611  0.000561             
V9833                             -7.020439e-08   1.000000  0.000257       -0.000504        0.000504             0.999496             1.000504     0.0 -0.000273  0.999782  0.000314             
V21331                            -7.228513e-08   1.000000  0.000169       -0.000332        0.000332             0.999668             1.000332     0.0 -0.000427  0.999659  0.000492             
V3836                             -8.193428e-08   1.000000  0.000264       -0.000518        0.000518             0.999482             1.000518     0.0 -0.000310  0.999753  0.000357             
V9825                             -8.897332e-08   1.000000  0.000194       -0.000380        0.000380             0.999620             1.000380     0.0 -0.000459  0.999634  0.000528             
V9881                             -9.794804e-08   1.000000  0.000220       -0.000431        0.000431             0.999569             1.000431     0.0 -0.000445  0.999645  0.000512             
V20611                            -1.059575e-07   1.000000  0.000206       -0.000405        0.000405             0.999595             1.000405     0.0 -0.000513  0.999590  0.000591             
V6923                             -1.060843e-07   1.000000  0.000267       -0.000523        0.000523             0.999477             1.000523     0.0 -0.000398  0.999683  0.000458             
V11971                            -1.146406e-07   1.000000  0.000238       -0.000466        0.000465             0.999534             1.000466     0.0 -0.000483  0.999615  0.000556             
V6538                             -1.189696e-07   1.000000  0.000231       -0.000452        0.000452             0.999548             1.000452     0.0 -0.000516  0.999588  0.000594             
V13620                            -1.253393e-07   1.000000  0.000242       -0.000474        0.000474             0.999526             1.000474     0.0 -0.000519  0.999586  0.000597             
V2457                             -1.280700e-07   1.000000  0.000278       -0.000545        0.000545             0.999455             1.000545     0.0 -0.000460  0.999633  0.000530             
V6772                             -1.288642e-07   1.000000  0.000273       -0.000535        0.000535             0.999465             1.000535     0.0 -0.000472  0.999623  0.000543             
V8531                             -1.399261e-07   1.000000  0.000288       -0.000564        0.000564             0.999436             1.000564     0.0 -0.000486  0.999612  0.000560             
V1130                             -1.657577e-07   1.000000  0.000333       -0.000653        0.000652             0.999348             1.000652     0.0 -0.000498  0.999603  0.000573             
V6920                             -1.837239e-07   1.000000  0.000355       -0.000696        0.000696             0.999304             1.000696     0.0 -0.000517  0.999587  0.000596             
V4945                             -1.969072e-07   1.000000  0.000410       -0.000803        0.000803             0.999197             1.000803     0.0 -0.000481  0.999617  0.000553             
V19959                            -2.253496e-07   1.000000  0.000438       -0.000858        0.000858             0.999142             1.000858     0.0 -0.000515  0.999589  0.000593             
V5289                             -2.645307e-07   1.000000  0.000562       -0.001102        0.001102             0.998899             1.001102     0.0 -0.000471  0.999625  0.000542             
V357                              -2.843786e-07   1.000000  0.000552       -0.001081        0.001081             0.998919             1.001081     0.0 -0.000516  0.999589  0.000594             
Stage_I                           -2.944537e-07   1.000000  0.000659       -0.001291        0.001291             0.998709             1.001292     0.0 -0.000447  0.999643  0.000515             
Race_White                        -3.702173e-07   1.000000  0.000880       -0.001725        0.001725             0.998276             1.001726     0.0 -0.000421  0.999664  0.000484             
V2149                             -5.638131e-07   0.999999  0.001431       -0.002805        0.002804             0.997199             1.002808     0.0 -0.000394  0.999686  0.000454             
V17655                            -8.937597e-04   0.999107  0.309452       -0.607409        0.605622             0.544760             1.832391     0.0 -0.002888  0.997696  0.003328             
Histology_Adenocarcinoma          -1.884465e-03   0.998117  0.221224       -0.435475        0.431706             0.646957             1.539883     0.0 -0.008518  0.993203  0.009839             
V6554                             -4.232682e-03   0.995776  0.166721       -0.331000        0.322534             0.718205             1.380622     0.0 -0.025388  0.979746  0.029521             
V6532                             -3.281486e-02   0.967718  0.140986       -0.309142        0.243512             0.734077             1.275722     0.0 -0.232753  0.815953  0.293442             
V14393                            -4.642095e-02   0.954640  0.244085       -0.524818        0.431976             0.591663             1.540299     0.0 -0.190184  0.849165  0.235883             
V16774                            -6.077207e-02   0.941038  0.279152       -0.607900        0.486356             0.544493             1.626379     0.0 -0.217702  0.827661  0.272888             
V9585                             -7.885410e-02   0.924175  0.410768       -0.883944        0.726236             0.413150             2.067285     0.0 -0.191968  0.847768  0.238259             
V9161                             -8.900841e-02   0.914838  0.133829       -0.351309        0.173292             0.703766             1.189214     0.0 -0.665089  0.505994  0.982809             
V3015                             -9.379681e-02   0.910468  0.669997       -1.406967        1.219373             0.244885             3.385065     0.0 -0.139996  0.888663  0.170291             
V8491                             -1.327685e-01   0.875668  0.193594       -0.512207        0.246670             0.599172             1.279756     0.0 -0.685808  0.492834  1.020825             
Stage_IA                          -4.268503e-01   0.652561  0.173435       -0.766777       -0.086924             0.464508             0.916747     0.0 -2.461155  0.013849  6.174071            *

Model metrics: -536.8381
0.7845

Train Concordance = 0.784
Concordance on test set = 0.651
Partial AIC = 1505.676
log-likelihood ratio test = 10.561 on 216 df
-log2(p) of ll-ratio test = -0.000