                   coef  exp(coef)  se(coef)  coef lower 95%  coef upper 95%  exp(coef) lower 95%  exp(coef) upper 95%  cmp to         z         p  -log2(p) significance
covariate                                                                                                                                                                
RTCA       6.431753e-02   1.066431  0.084301       -0.100909        0.229544             0.904015             1.258026     0.0  0.762954  0.445491  1.166531             
HILPDA     1.797472e-02   1.018137  0.061310       -0.102191        0.138140             0.902857             1.148136     0.0  0.293178  0.769386  0.378220             
Age        4.028438e-03   1.004037  0.005247       -0.006255        0.014312             0.993765             1.014415     0.0  0.767817  0.442596  1.175937             
PFKP       8.567627e-08   1.000000  0.000203       -0.000397        0.000397             0.999603             1.000397     0.0  0.000423  0.999663  0.000487             
NCAPG2     6.803717e-08   1.000000  0.000112       -0.000219        0.000219             0.999781             1.000219     0.0  0.000609  0.999514  0.000701             
CCNB1      3.678388e-08   1.000000  0.000047       -0.000093        0.000093             0.999907             1.000093     0.0  0.000778  0.999380  0.000895             
ZFR2       2.997502e-08   1.000000  0.000048       -0.000094        0.000094             0.999906             1.000094     0.0  0.000623  0.999503  0.000717             
ADGRF5    -3.057540e-08   1.000000  0.000040       -0.000079        0.000079             0.999921             1.000079     0.0 -0.000762  0.999392  0.000878             
SLC1A4    -3.422519e-08   1.000000  0.000037       -0.000073        0.000073             0.999927             1.000073     0.0 -0.000918  0.999268  0.001057             
ETV5      -3.609354e-08   1.000000  0.000039       -0.000077        0.000077             0.999923             1.000077     0.0 -0.000914  0.999271  0.001052             
PARM1     -5.138267e-08   1.000000  0.000102       -0.000199        0.000199             0.999801             1.000199     0.0 -0.000506  0.999597  0.000582             
PURA      -5.254971e-08   1.000000  0.000058       -0.000114        0.000113             0.999886             1.000113     0.0 -0.000908  0.999276  0.001045             
SETBP1    -5.353659e-08   1.000000  0.000071       -0.000139        0.000139             0.999861             1.000139     0.0 -0.000757  0.999396  0.000872             
GUCY1A1   -6.026731e-08   1.000000  0.000084       -0.000165        0.000165             0.999835             1.000165     0.0 -0.000717  0.999428  0.000826             
KDM5C     -8.829771e-08   1.000000  0.000096       -0.000188        0.000187             0.999812             1.000187     0.0 -0.000923  0.999264  0.001063             
STIM1     -1.051505e-07   1.000000  0.000116       -0.000227        0.000227             0.999773             1.000227     0.0 -0.000908  0.999275  0.001046             
FAM117A   -4.528657e-02   0.955724  0.113897       -0.268521        0.177948             0.764509             1.194763     0.0 -0.397609  0.690919  0.533412             
TENT5C    -5.416958e-02   0.947271  0.071407       -0.194125        0.085786             0.823555             1.089573     0.0 -0.758602  0.448091  1.158137             
Stage_IA  -3.226128e-01   0.724254  0.115215       -0.548431       -0.096795             0.577856             0.907742     0.0 -2.800084  0.005109  7.612765           **

Model metrics: -2483.2617
0.6874

Train Concordance = 0.687
Concordance on test set = 0.649
Partial AIC = 5004.523
log-likelihood ratio test = 13.829 on 19 df
-log2(p) of ll-ratio test = 0.334