                                           coef  exp(coef)  se(coef)  coef lower 95%  coef upper 95%  exp(coef) lower 95%  exp(coef) upper 95%  cmp to         z         p  -log2(p) significance
covariate                                                                                                                                                                                        
Stage_IIIA                         5.231551e-01   1.687343  0.884331       -1.210102        2.256413             0.298167             9.548771     0.0  0.591583  0.554130  0.851703             
V16002                             1.731278e-01   1.189018  0.284360       -0.384208        0.730463             0.680990             2.076042     0.0  0.608833  0.542635  0.881946             
V4652                              1.389885e-01   1.149111  0.223588       -0.299236        0.577213             0.741385             1.781067     0.0  0.621628  0.534186  0.904585             
Stage_IIB                          9.269940e-02   1.097132  0.288607       -0.472961        0.658360             0.623154             1.931621     0.0  0.321195  0.748062  0.418770             
Sex                                5.607385e-02   1.057676  0.206065       -0.347807        0.459955             0.706235             1.584002     0.0  0.272117  0.785532  0.348258             
Smoked?                            2.486587e-02   1.025178  0.233061       -0.431925        0.481657             0.649258             1.618754     0.0  0.106693  0.915033  0.128104             
Age                                3.914819e-03   1.003922  0.010389       -0.016446        0.024276             0.983688             1.024573     0.0  0.376840  0.706293  0.501662             
Histology_Large Cell Carcinoma     2.348188e-07   1.000000  0.000457       -0.000895        0.000896             0.999105             1.000896     0.0  0.000514  0.999590  0.000592             
Adjuvant Chemo                     2.102782e-07   1.000000  0.000511       -0.001002        0.001002             0.998999             1.001003     0.0  0.000411  0.999672  0.000473             
Stage_IIIB                         2.054633e-07   1.000000  0.000400       -0.000784        0.000784             0.999217             1.000784     0.0  0.000514  0.999590  0.000591             
V10714                             1.596230e-07   1.000000  0.000315       -0.000617        0.000617             0.999384             1.000617     0.0  0.000507  0.999595  0.000584             
V10393                             1.564450e-07   1.000000  0.000357       -0.000699        0.000699             0.999302             1.000699     0.0  0.000439  0.999650  0.000505             
V17158                             1.498586e-07   1.000000  0.000292       -0.000571        0.000572             0.999429             1.000572     0.0  0.000514  0.999590  0.000592             
V13767                             1.406635e-07   1.000000  0.000363       -0.000712        0.000712             0.999288             1.000712     0.0  0.000387  0.999691  0.000446             
V10147                             1.227980e-07   1.000000  0.000256       -0.000502        0.000502             0.999498             1.000502     0.0  0.000479  0.999618  0.000552             
V4904                              1.170755e-07   1.000000  0.000274       -0.000538        0.000538             0.999462             1.000538     0.0  0.000427  0.999660  0.000491             
V12352                             1.138778e-07   1.000000  0.000270       -0.000528        0.000528             0.999472             1.000529     0.0  0.000422  0.999663  0.000486             
Stage_IIA                          1.106822e-07   1.000000  0.000316       -0.000618        0.000619             0.999382             1.000619     0.0  0.000351  0.999720  0.000404             
Race_Caucasian                     1.066457e-07   1.000000  0.000207       -0.000407        0.000407             0.999594             1.000407     0.0  0.000514  0.999590  0.000592             
V4281                              1.028930e-07   1.000000  0.000295       -0.000577        0.000578             0.999423             1.000578     0.0  0.000349  0.999721  0.000402             
V12279                             1.019233e-07   1.000000  0.000198       -0.000389        0.000389             0.999611             1.000389     0.0  0.000514  0.999590  0.000592             
V8721                              9.759955e-08   1.000000  0.000202       -0.000396        0.000396             0.999604             1.000396     0.0  0.000483  0.999614  0.000556             
V39                                9.597850e-08   1.000000  0.000212       -0.000415        0.000416             0.999585             1.000416     0.0  0.000453  0.999639  0.000521             
V4336                              8.155373e-08   1.000000  0.000201       -0.000393        0.000393             0.999607             1.000393     0.0  0.000407  0.999676  0.000468             
V17687                             7.782041e-08   1.000000  0.000241       -0.000472        0.000473             0.999528             1.000473     0.0  0.000323  0.999742  0.000372             
V1278                              7.701330e-08   1.000000  0.000193       -0.000379        0.000379             0.999621             1.000379     0.0  0.000398  0.999682  0.000459             
V3918                              6.979178e-08   1.000000  0.000193       -0.000378        0.000378             0.999623             1.000378     0.0  0.000362  0.999711  0.000417             
V16606                             6.935340e-08   1.000000  0.000141       -0.000277        0.000277             0.999723             1.000277     0.0  0.000491  0.999608  0.000565             
V21280                             6.826082e-08   1.000000  0.000139       -0.000273        0.000273             0.999728             1.000273     0.0  0.000491  0.999608  0.000565             
Stage_II                           6.546392e-08   1.000000  0.000142       -0.000279        0.000279             0.999721             1.000279     0.0  0.000460  0.999633  0.000529             
Histology_Squamous Cell Carcinoma  6.122626e-08   1.000000  0.000137       -0.000267        0.000268             0.999733             1.000268     0.0  0.000449  0.999642  0.000516             
V20976                             6.094531e-08   1.000000  0.000119       -0.000232        0.000233             0.999768             1.000233     0.0  0.000514  0.999590  0.000592             
V4686                              5.911544e-08   1.000000  0.000120       -0.000235        0.000235             0.999765             1.000235     0.0  0.000493  0.999607  0.000567             
V12052                             5.669570e-08   1.000000  0.000114       -0.000224        0.000224             0.999776             1.000224     0.0  0.000497  0.999604  0.000572             
V18946                             5.389577e-08   1.000000  0.000127       -0.000249        0.000249             0.999751             1.000249     0.0  0.000424  0.999662  0.000488             
V10299                             5.360572e-08   1.000000  0.000121       -0.000237        0.000237             0.999763             1.000237     0.0  0.000443  0.999646  0.000510             
V6967                              5.343789e-08   1.000000  0.000110       -0.000215        0.000215             0.999785             1.000215     0.0  0.000487  0.999612  0.000560             
V8485                              5.310862e-08   1.000000  0.000150       -0.000294        0.000294             0.999706             1.000294     0.0  0.000354  0.999718  0.000407             
V9204                              5.162733e-08   1.000000  0.000224       -0.000438        0.000438             0.999562             1.000438     0.0  0.000231  0.999816  0.000266             
V10358                             5.142676e-08   1.000000  0.000228       -0.000446        0.000446             0.999554             1.000446     0.0  0.000226  0.999820  0.000260             
V7574                              4.979899e-08   1.000000  0.000114       -0.000223        0.000223             0.999777             1.000223     0.0  0.000437  0.999651  0.000503             
V1516                              4.336802e-08   1.000000  0.000122       -0.000239        0.000239             0.999761             1.000239     0.0  0.000355  0.999717  0.000409             
V19631                             4.175126e-08   1.000000  0.000093       -0.000182        0.000182             0.999818             1.000182     0.0  0.000451  0.999641  0.000519             
V17864                             4.057479e-08   1.000000  0.000079       -0.000156        0.000156             0.999844             1.000156     0.0  0.000511  0.999593  0.000588             
V6276                              4.051155e-08   1.000000  0.000085       -0.000167        0.000167             0.999833             1.000167     0.0  0.000474  0.999622  0.000546             
V8208                              3.699233e-08   1.000000  0.000077       -0.000151        0.000151             0.999849             1.000151     0.0  0.000479  0.999618  0.000552             
V16536                             3.684661e-08   1.000000  0.000120       -0.000234        0.000234             0.999766             1.000234     0.0  0.000308  0.999754  0.000355             
V1884                              3.657204e-08   1.000000  0.000086       -0.000168        0.000169             0.999832             1.000169     0.0  0.000425  0.999661  0.000490             
V16090                             3.296413e-08   1.000000  0.000134       -0.000262        0.000262             0.999738             1.000262     0.0  0.000246  0.999803  0.000284             
V12948                             2.915786e-08   1.000000  0.000164       -0.000321        0.000321             0.999679             1.000321     0.0  0.000178  0.999858  0.000205             
V11846                             2.809289e-08   1.000000  0.000253       -0.000496        0.000496             0.999504             1.000497     0.0  0.000111  0.999912  0.000128             
V18574                             2.750515e-08   1.000000  0.000132       -0.000258        0.000258             0.999742             1.000258     0.0  0.000209  0.999833  0.000241             
V5844                              2.648996e-08   1.000000  0.000090       -0.000177        0.000177             0.999823             1.000177     0.0  0.000294  0.999766  0.000338             
V7221                              2.409456e-08   1.000000  0.000109       -0.000214        0.000214             0.999786             1.000214     0.0  0.000221  0.999824  0.000254             
V11084                             2.320873e-08   1.000000  0.000045       -0.000089        0.000089             0.999911             1.000089     0.0  0.000510  0.999593  0.000588             
V17877                             2.147617e-08   1.000000  0.000062       -0.000122        0.000122             0.999878             1.000122     0.0  0.000344  0.999725  0.000396             
V9223                              2.107413e-08   1.000000  0.000151       -0.000295        0.000295             0.999705             1.000295     0.0  0.000140  0.999888  0.000161             
V11050                             2.066181e-08   1.000000  0.000200       -0.000393        0.000393             0.999607             1.000393     0.0  0.000103  0.999918  0.000119             
V13                                1.989337e-08   1.000000  0.000156       -0.000306        0.000306             0.999694             1.000306     0.0  0.000127  0.999898  0.000147             
V6557                              1.959036e-08   1.000000  0.000044       -0.000085        0.000085             0.999915             1.000085     0.0  0.000450  0.999641  0.000518             
V17728                             1.689166e-08   1.000000  0.000043       -0.000084        0.000084             0.999916             1.000084     0.0  0.000393  0.999686  0.000453             
V3661                              1.653359e-08   1.000000  0.000147       -0.000287        0.000287             0.999713             1.000287     0.0  0.000113  0.999910  0.000130             
V8775                              1.626080e-08   1.000000  0.000064       -0.000126        0.000126             0.999874             1.000126     0.0  0.000253  0.999798  0.000291             
V11939                             1.512168e-08   1.000000  0.000063       -0.000124        0.000124             0.999876             1.000124     0.0  0.000240  0.999809  0.000276             
V19545                             1.355503e-08   1.000000  0.000046       -0.000091        0.000091             0.999909             1.000091     0.0  0.000292  0.999767  0.000336             
V8260                              1.182318e-08   1.000000  0.000048       -0.000095        0.000095             0.999905             1.000095     0.0  0.000245  0.999805  0.000282             
V4083                              1.175697e-08   1.000000  0.000144       -0.000282        0.000282             0.999718             1.000282     0.0  0.000082  0.999935  0.000094             
V2240                              5.607190e-09   1.000000  0.000126       -0.000247        0.000247             0.999753             1.000247     0.0  0.000044  0.999965  0.000051             
V4736                              3.585639e-09   1.000000  0.000022       -0.000043        0.000043             0.999957             1.000043     0.0  0.000162  0.999871  0.000186             
V14296                             2.937914e-09   1.000000  0.000080       -0.000156        0.000156             0.999844             1.000156     0.0  0.000037  0.999971  0.000042             
V14913                             2.458985e-09   1.000000  0.000090       -0.000177        0.000177             0.999823             1.000177     0.0  0.000027  0.999978  0.000031             
V16555                             1.700056e-09   1.000000  0.000041       -0.000080        0.000080             0.999920             1.000080     0.0  0.000042  0.999967  0.000048             
V1632                             -2.153188e-09   1.000000  0.000081       -0.000159        0.000159             0.999841             1.000160     0.0 -0.000026  0.999979  0.000030             
V12374                            -3.891752e-09   1.000000  0.000059       -0.000115        0.000115             0.999885             1.000115     0.0 -0.000066  0.999947  0.000077             
V2159                             -4.734857e-09   1.000000  0.000021       -0.000041        0.000041             0.999959             1.000041     0.0 -0.000226  0.999819  0.000260             
V14426                            -7.784008e-09   1.000000  0.000102       -0.000199        0.000199             0.999801             1.000199     0.0 -0.000077  0.999939  0.000088             
V16975                            -8.839091e-09   1.000000  0.000039       -0.000076        0.000076             0.999924             1.000076     0.0 -0.000229  0.999817  0.000264             
V751                              -9.104084e-09   1.000000  0.000190       -0.000373        0.000373             0.999627             1.000373     0.0 -0.000048  0.999962  0.000055             
V290                              -9.516699e-09   1.000000  0.000067       -0.000132        0.000132             0.999868             1.000132     0.0 -0.000141  0.999887  0.000162             
V15192                            -1.089803e-08   1.000000  0.000064       -0.000126        0.000126             0.999874             1.000126     0.0 -0.000169  0.999865  0.000195             
Stage_IB                          -1.196485e-08   1.000000  0.000077       -0.000151        0.000151             0.999849             1.000151     0.0 -0.000155  0.999876  0.000178             
V10921                            -1.363354e-08   1.000000  0.000120       -0.000235        0.000235             0.999765             1.000235     0.0 -0.000114  0.999909  0.000131             
V13296                            -1.752616e-08   1.000000  0.000059       -0.000115        0.000115             0.999885             1.000115     0.0 -0.000299  0.999761  0.000344             
V13589                            -2.013520e-08   1.000000  0.000065       -0.000126        0.000126             0.999874             1.000126     0.0 -0.000312  0.999751  0.000359             
V13702                            -2.134213e-08   1.000000  0.000064       -0.000125        0.000125             0.999875             1.000125     0.0 -0.000334  0.999734  0.000384             
V16649                            -2.137627e-08   1.000000  0.000088       -0.000173        0.000173             0.999827             1.000173     0.0 -0.000242  0.999807  0.000278             
V11462                            -3.043250e-08   1.000000  0.000164       -0.000321        0.000321             0.999679             1.000321     0.0 -0.000186  0.999852  0.000214             
V3412                             -3.126754e-08   1.000000  0.000164       -0.000322        0.000322             0.999678             1.000322     0.0 -0.000190  0.999848  0.000219             
V4710                             -3.138725e-08   1.000000  0.000141       -0.000276        0.000276             0.999724             1.000276     0.0 -0.000223  0.999822  0.000257             
V19203                            -3.219708e-08   1.000000  0.000142       -0.000278        0.000278             0.999722             1.000278     0.0 -0.000227  0.999819  0.000261             
V19617                            -3.458122e-08   1.000000  0.000070       -0.000138        0.000138             0.999862             1.000138     0.0 -0.000491  0.999608  0.000565             
V1989                             -3.594960e-08   1.000000  0.000175       -0.000342        0.000342             0.999658             1.000342     0.0 -0.000206  0.999836  0.000237             
V4133                             -4.599226e-08   1.000000  0.000096       -0.000188        0.000187             0.999813             1.000187     0.0 -0.000481  0.999616  0.000554             
V12277                            -4.696780e-08   1.000000  0.000102       -0.000199        0.000199             0.999801             1.000199     0.0 -0.000462  0.999632  0.000532             
V15944                            -4.861011e-08   1.000000  0.000108       -0.000212        0.000212             0.999788             1.000212     0.0 -0.000450  0.999641  0.000518             
V5291                             -4.905940e-08   1.000000  0.000200       -0.000392        0.000392             0.999608             1.000392     0.0 -0.000246  0.999804  0.000283             
V2179                             -4.942664e-08   1.000000  0.000149       -0.000291        0.000291             0.999709             1.000291     0.0 -0.000333  0.999735  0.000383             
V14625                            -5.130562e-08   1.000000  0.000118       -0.000231        0.000231             0.999769             1.000231     0.0 -0.000436  0.999652  0.000502             
Race_Unknown                      -5.781340e-08   1.000000  0.000129       -0.000254        0.000253             0.999746             1.000254     0.0 -0.000447  0.999643  0.000515             
V4189                             -5.856272e-08   1.000000  0.000115       -0.000226        0.000226             0.999774             1.000226     0.0 -0.000509  0.999594  0.000586             
V15047                            -6.792028e-08   1.000000  0.000147       -0.000289        0.000289             0.999711             1.000289     0.0 -0.000461  0.999632  0.000531             
V3836                             -7.309616e-08   1.000000  0.000262       -0.000513        0.000513             0.999487             1.000513     0.0 -0.000279  0.999777  0.000321             
V9825                             -8.493268e-08   1.000000  0.000191       -0.000375        0.000375             0.999625             1.000375     0.0 -0.000444  0.999646  0.000511             
V9881                             -1.036548e-07   1.000000  0.000228       -0.000447        0.000447             0.999553             1.000447     0.0 -0.000455  0.999637  0.000523             
V6772                             -1.128222e-07   1.000000  0.000258       -0.000506        0.000506             0.999494             1.000506     0.0 -0.000437  0.999651  0.000503             
V2457                             -1.166395e-07   1.000000  0.000269       -0.000527        0.000527             0.999473             1.000527     0.0 -0.000434  0.999654  0.000500             
V13620                            -1.419828e-07   1.000000  0.000280       -0.000549        0.000549             0.999451             1.000549     0.0 -0.000507  0.999596  0.000584             
V1130                             -1.776106e-07   1.000000  0.000371       -0.000727        0.000726             0.999274             1.000726     0.0 -0.000479  0.999618  0.000552             
Histology_Adenocarcinoma          -1.868117e-07   1.000000  0.000575       -0.001127        0.001127             0.998873             1.001128     0.0 -0.000325  0.999741  0.000374             
Stage_I                           -3.455343e-07   1.000000  0.000903       -0.001770        0.001769             0.998232             1.001771     0.0 -0.000383  0.999695  0.000441             
Race_White                        -3.491521e-07   1.000000  0.000797       -0.001563        0.001562             0.998438             1.001563     0.0 -0.000438  0.999651  0.000504             
V14393                            -6.861037e-02   0.933690  0.294207       -0.645246        0.508026             0.524533             1.662007     0.0 -0.233204  0.815603  0.294061             
V16774                            -1.131008e-01   0.893061  0.339152       -0.777826        0.551625             0.459403             1.736072     0.0 -0.333481  0.738771  0.436801             
V9585                             -1.532286e-01   0.857934  0.508726       -1.150314        0.843857             0.316537             2.325317     0.0 -0.301201  0.763262  0.389750             
V8491                             -1.820382e-01   0.833570  0.237914       -0.648341        0.284264             0.522913             1.328784     0.0 -0.765143  0.444186  1.170763             
Stage_IA                          -6.533987e-01   0.520275  0.225881       -1.096117       -0.210680             0.334166             0.810033     0.0 -2.892670  0.003820  8.032279           **

Model metrics: -534.9652
0.7694

Train Concordance = 0.769
Concordance on test set = 0.654
Partial AIC = 1301.930
log-likelihood ratio test = 14.307 on 116 df
-log2(p) of ll-ratio test = -0.000