                                           coef  exp(coef)  se(coef)  coef lower 95%  coef upper 95%  exp(coef) lower 95%  exp(coef) upper 95%  cmp to         z         p  -log2(p) significance
covariate                                                                                                                                                                                        
Stage_IIIA                         2.942597e-01   1.342132  0.725303       -1.127309        1.715828             0.323904             5.561280     0.0  0.405706  0.684959  0.545911             
Stage_IIB                          8.816046e-02   1.092163  0.243997       -0.390066        0.566387             0.677012             1.761889     0.0  0.361317  0.717862  0.478221             
V4652                              6.972056e-02   1.072209  0.185410       -0.293677        0.433118             0.745517             1.542059     0.0  0.376034  0.706892  0.500438             
Smoked?                            5.151012e-02   1.052860  0.179992       -0.301268        0.404288             0.739879             1.498236     0.0  0.286180  0.774741  0.368215             
Sex                                4.473063e-02   1.045746  0.161876       -0.272541        0.362002             0.761442             1.436202     0.0  0.276326  0.782297  0.354211             
Age                                3.188364e-03   1.003193  0.008533       -0.013536        0.019912             0.986556             1.020112     0.0  0.373658  0.708659  0.496837             
Histology_Large Cell Carcinoma     5.921234e-07   1.000001  0.000778       -0.001525        0.001526             0.998477             1.001527     0.0  0.000761  0.999393  0.000876             
Adjuvant Chemo                     5.620739e-07   1.000001  0.001148       -0.002250        0.002251             0.997752             1.002254     0.0  0.000489  0.999609  0.000564             
Stage_IIIB                         4.741901e-07   1.000000  0.000617       -0.001209        0.001210             0.998792             1.001211     0.0  0.000768  0.999387  0.000885             
Stage_IIA                          3.096486e-07   1.000000  0.000499       -0.000978        0.000979             0.999023             1.000979     0.0  0.000620  0.999505  0.000714             
Race_Caucasian                     2.716060e-07   1.000000  0.000360       -0.000706        0.000706             0.999294             1.000707     0.0  0.000754  0.999398  0.000868             
Stage_II                           1.947853e-07   1.000000  0.000256       -0.000502        0.000502             0.999499             1.000502     0.0  0.000761  0.999393  0.000876             
Histology_Squamous Cell Carcinoma  1.621892e-07   1.000000  0.000223       -0.000436        0.000436             0.999564             1.000436     0.0  0.000729  0.999419  0.000839             
V1278                              1.540692e-07   1.000000  0.000276       -0.000541        0.000541             0.999460             1.000541     0.0  0.000558  0.999554  0.000643             
V8485                              1.324435e-07   1.000000  0.000228       -0.000448        0.000448             0.999552             1.000448     0.0  0.000580  0.999537  0.000667             
V9223                              4.146297e-08   1.000000  0.000221       -0.000433        0.000433             0.999568             1.000433     0.0  0.000188  0.999850  0.000216             
Stage_IB                           1.097268e-08   1.000000  0.000112       -0.000219        0.000219             0.999781             1.000219     0.0  0.000098  0.999921  0.000113             
V16975                            -1.743016e-08   1.000000  0.000056       -0.000110        0.000110             0.999890             1.000110     0.0 -0.000311  0.999752  0.000358             
V751                              -2.953282e-08   1.000000  0.000280       -0.000549        0.000549             0.999451             1.000549     0.0 -0.000105  0.999916  0.000121             
V10921                            -3.143547e-08   1.000000  0.000176       -0.000345        0.000345             0.999655             1.000345     0.0 -0.000178  0.999858  0.000205             
V12277                            -1.073196e-07   1.000000  0.000153       -0.000299        0.000299             0.999701             1.000299     0.0 -0.000703  0.999439  0.000809             
Race_Unknown                      -1.565094e-07   1.000000  0.000214       -0.000419        0.000419             0.999581             1.000419     0.0 -0.000732  0.999416  0.000843             
Stage_I                           -5.629265e-07   0.999999  0.000781       -0.001531        0.001530             0.998470             1.001532     0.0 -0.000721  0.999425  0.000830             
Race_White                        -8.308267e-07   0.999999  0.001359       -0.002664        0.002663             0.997339             1.002666     0.0 -0.000611  0.999512  0.000704             
Histology_Adenocarcinoma          -9.362589e-03   0.990681  0.220648       -0.441824        0.423099             0.642863             1.526685     0.0 -0.042432  0.966154  0.049675             
V14393                            -7.215552e-02   0.930386  0.239003       -0.540593        0.396282             0.582403             1.486288     0.0 -0.301902  0.762727  0.390762             
V8491                             -1.200763e-01   0.886853  0.192341       -0.497058        0.256906             0.608317             1.292923     0.0 -0.624287  0.532439  0.909312             
Stage_IA                          -4.282770e-01   0.651631  0.172279       -0.765938       -0.090616             0.464898             0.913368     0.0 -2.485949  0.012921  6.274180            *

Model metrics: -537.5070
0.7426

Train Concordance = 0.743
Concordance on test set = 0.653
Partial AIC = 1131.014
log-likelihood ratio test = 9.223 on 28 df
-log2(p) of ll-ratio test = 0.000