                                       coef  exp(coef)  se(coef)  coef lower 95%  coef upper 95%  exp(coef) lower 95%  exp(coef) upper 95%  cmp to         z         p   -log2(p) significance
covariate                                                                                                                                                                                     
Stage_IIIA                         4.060180  57.984773  1.271565        1.567958        6.552403             4.796844           700.926201     0.0  3.193057  0.001408   9.472392           **
V11050                             2.386786  10.878474  1.304956       -0.170881        4.944453             0.842922           140.394070     0.0  1.829016  0.067397   3.891168             
V1278                              2.292301   9.897688  1.080208        0.175133        4.409469             1.191404            82.225831     0.0  2.122093  0.033830   4.885555            *
Stage_IIIB                         2.276438   9.741916  1.157179        0.008409        4.544467             1.008444            94.110213     0.0  1.967231  0.049157   4.346471            *
Histology_Large Cell Carcinoma     2.102266   8.184691  1.706497       -1.242407        5.446938             0.288688           232.046563     0.0  1.231919  0.217979   2.197736             
V3836                              1.934628   6.921466  1.369079       -0.748718        4.617973             0.472973           101.288482     0.0  1.413087  0.157630   2.665385             
V10358                             1.923525   6.845042  1.212203       -0.452350        4.299399             0.636132            73.655529     0.0  1.586801  0.112558   3.151262             
V4083                              1.838784   6.288889  0.885899        0.102455        3.575114             1.107887            35.698689     0.0  2.075615  0.037930   4.720533            *
V10714                             1.782038   5.941952  1.166733       -0.504717        4.068793             0.603676            58.486301     0.0  1.527374  0.126668   2.980876             
V16090                             1.527069   4.604659  0.833359       -0.106285        3.160422             0.899169            23.580544     0.0  1.832426  0.066888   3.902110             
V1632                              1.434708   4.198420  0.551571        0.353650        2.515767             1.424256            12.376095     0.0  2.601133  0.009292   6.749850           **
V12352                             1.270045   3.561013  1.244142       -1.168428        3.708518             0.310855            40.793298     0.0  1.020820  0.307340   1.702094             
V13767                             1.242563   3.464480  0.530089        0.203608        2.281517             1.225817             9.791528     0.0  2.344065  0.019075   5.712185            *
V16002                             1.215027   3.370385  0.645617       -0.050360        2.480414             0.950887            11.946208     0.0  1.881961  0.059841   4.062714             
V6967                              1.212433   3.361652  0.519152        0.194913        2.229952             1.215205             9.299421     0.0  2.335409  0.019522   5.678750            *
V17158                             1.200393   3.321424  1.015445       -0.789843        3.190629             0.453916            24.303721     0.0  1.182135  0.237152   2.076116             
V12948                             1.146749   3.147942  0.925468       -0.667135        2.960632             0.513177            19.310181     0.0  1.239102  0.215308   2.215528             
V39                                1.108144   3.028731  1.159125       -1.163700        3.379987             0.312328            29.370398     0.0  0.956017  0.339064   1.560372             
V10393                             1.043448   2.838988  1.633424       -2.158004        4.244900             0.115555            69.748786     0.0  0.638810  0.522946   0.935265             
V4652                              1.041870   2.834513  0.465240        0.130016        1.953725             1.138846             7.054915     0.0  2.239423  0.025128   5.314536            *
V16536                             1.001838   2.723283  0.636654       -0.245981        2.249657             0.781937             9.484480     0.0  1.573599  0.115580   3.113035             
V11462                             0.946204   2.575914  0.980194       -0.974941        2.867350             0.377215            17.590344     0.0  0.965323  0.334383   1.580427             
Stage_IIB                          0.932015   2.539622  0.637931       -0.318306        2.182337             0.727380             8.867001     0.0  1.460997  0.144016   2.795698             
Histology_Adenocarcinoma           0.919659   2.508436  1.387748       -1.800276        3.639595             0.165253            38.076408     0.0  0.662699  0.507523   0.978454             
V8208                              0.871537   2.390583  0.369879        0.146588        1.596486             1.157877             4.935659     0.0  2.356278  0.018459   5.759525            *
V19203                             0.787176   2.197182  0.819892       -0.819783        2.394134             0.440527            10.958706     0.0  0.960097  0.337006   1.569152             
V16649                             0.770432   2.160699  0.616354       -0.437600        1.978464             0.645584             7.231625     0.0  1.249982  0.211306   2.242595             
V3412                              0.760966   2.140342  1.104828       -1.404458        2.926389             0.245500            18.660121     0.0  0.688764  0.490972   1.026288             
V18574                             0.679760   1.973405  0.753692       -0.797449        2.156970             0.450477             8.644905     0.0  0.901907  0.367106   1.445731             
V21280                             0.660409   1.935584  0.340515       -0.006987        1.327805             0.993037             3.772754     0.0  1.939444  0.052447   4.252988             
V12279                             0.627694   1.873286  0.628889       -0.604906        1.860293             0.546126             6.425621     0.0  0.998100  0.318231   1.651854             
Smoked?                            0.624719   1.867721  0.513325       -0.381379        1.630817             0.682919             5.108044     0.0  1.217006  0.223602   2.160994             
V7221                              0.615085   1.849815  0.613078       -0.586525        1.816696             0.556257             6.151500     0.0  1.003275  0.315728   1.663244             
Sex                                0.608242   1.837200  0.456033       -0.285565        1.502050             0.751590             4.490885     0.0  1.333770  0.182279   2.455777             
V18946                             0.590573   1.805022  0.499538       -0.388503        1.569648             0.678071             4.804958     0.0  1.182238  0.237111   2.076364             
V14426                             0.552437   1.737482  0.631511       -0.685302        1.790176             0.503938             5.990506     0.0  0.874785  0.381691   1.389524             
V4686                              0.468624   1.597793  0.316545       -0.151792        1.089040             0.859167             2.971419     0.0  1.480434  0.138757   2.849364             
V8721                              0.459808   1.583770  0.995917       -1.492154        2.411770             0.224888            11.153682     0.0  0.461693  0.644301   0.634192             
V17864                             0.427847   1.533951  0.241964       -0.046393        0.902087             0.954667             2.464741     0.0  1.768229  0.077023   3.698573             
V14296                             0.427580   1.533542  0.415304       -0.386401        1.241561             0.679498             3.461013     0.0  1.029560  0.303217   1.721578             
V2240                              0.423173   1.526799  0.863384       -1.269029        2.115375             0.281104             8.292699     0.0  0.490133  0.624040   0.680290             
V7574                              0.415070   1.514477  0.427993       -0.423781        1.253922             0.654567             3.504058     0.0  0.969806  0.332143   1.590122             
V1516                              0.414191   1.513147  0.805293       -1.164154        1.992537             0.312187             7.334113     0.0  0.514336  0.607017   0.720191             
V20976                             0.402765   1.495955  0.363369       -0.309427        1.114956             0.733868             3.049433     0.0  1.108416  0.267682   1.901407             
V11084                             0.397564   1.488194  0.150483        0.102623        0.692505             1.108073             1.998715     0.0  2.641920  0.008244   6.922485           **
V6772                              0.396761   1.487001  1.383201       -2.314263        3.107786             0.098839            22.371457     0.0  0.286843  0.774233   0.369161             
V12052                             0.396632   1.486808  0.508872       -0.600738        1.394002             0.548407             4.030948     0.0  0.779434  0.435724   1.198512             
V290                               0.295093   1.343252  0.405429       -0.499534        1.089720             0.606814             2.973442     0.0  0.727854  0.466703   1.099423             
V6276                              0.264572   1.302873  0.149375       -0.028197        0.557340             0.972197             1.746023     0.0  1.771196  0.076528   3.707867             
V17728                             0.247674   1.281043  0.172524       -0.090466        0.585815             0.913505             1.796455     0.0  1.435595  0.151118   2.726256             
V10299                             0.240905   1.272400  0.536074       -0.809782        1.291591             0.444955             3.638571     0.0  0.449387  0.653153   0.614508             
V15192                             0.238717   1.269619  0.414302       -0.573300        1.050734             0.563662             2.859750     0.0  0.576191  0.564486   0.824990             
V13589                             0.210699   1.234541  0.388004       -0.549775        0.971173             0.577080             2.641040     0.0  0.543033  0.587107   0.768305             
V12374                             0.206156   1.228945  0.387010       -0.552370        0.964682             0.575584             2.623954     0.0  0.532689  0.594249   0.750862             
V6557                              0.173805   1.189824  0.210798       -0.239352        0.586962             0.787138             1.798516     0.0  0.824509  0.409650   1.287535             
V2159                              0.115290   1.122199  0.130861       -0.141192        0.371772             0.868322             1.450303     0.0  0.881013  0.378311   1.402356             
Adjuvant Chemo                     0.114096   1.120860  1.030905       -1.906440        2.134632             0.148608             8.453937     0.0  0.110676  0.911874   0.133094             
V19545                             0.111776   1.118263  0.224432       -0.328102        0.551655             0.720289             1.736123     0.0  0.498041  0.618455   0.693260             
Stage_IB                           0.085363   1.089112  0.540485       -0.973968        1.144693             0.377582             3.141477     0.0  0.157937  0.874506   0.193459             
V4736                              0.081004   1.084376  0.181287       -0.274311        0.436320             0.760096             1.547003     0.0  0.446830  0.654998   0.610438             
V1989                              0.080330   1.083645  1.019678       -1.918203        2.078863             0.146871             7.995376     0.0  0.078780  0.937208   0.093560             
Age                                0.069501   1.071973  0.021234        0.027884        0.111118             1.028277             1.117527     0.0  3.273181  0.001063   9.877042           **
V751                               0.000041   1.000041  0.047281       -0.092629        0.092710             0.911532             1.097144     0.0  0.000859  0.999315   0.000989             
V13                                0.000027   1.000027  0.034411       -0.067417        0.067470             0.934805             1.069798     0.0  0.000770  0.999385   0.000887             
V17877                            -0.000009   0.999991  0.012063       -0.023652        0.023635             0.976625             1.023916     0.0 -0.000740  0.999409   0.000852             
Stage_II                          -0.000015   0.999985  0.022187       -0.043500        0.043471             0.957433             1.044429     0.0 -0.000655  0.999477   0.000754             
V1884                             -0.000023   0.999977  0.024887       -0.048801        0.048755             0.952371             1.049963     0.0 -0.000916  0.999269   0.001055             
V16606                            -0.012616   0.987463  0.618772       -1.225387        1.200154             0.293644             3.320630     0.0 -0.020389  0.983733   0.023662             
V3918                             -0.020359   0.979847  1.085288       -2.147484        2.106767             0.116778             8.221618     0.0 -0.018759  0.985034   0.021755             
V4904                             -0.097900   0.906740  1.301266       -2.648335        2.452535             0.070769            11.617765     0.0 -0.075234  0.940028   0.089224             
V14913                            -0.118717   0.888059  0.501182       -1.101015        0.863581             0.332533             2.371637     0.0 -0.236875  0.812754   0.299109             
V4281                             -0.127715   0.880104  1.418898       -2.908704        2.653273             0.054546            14.200447     0.0 -0.090010  0.928279   0.107370             
V13296                            -0.130761   0.877428  0.349160       -0.815102        0.553581             0.442594             1.739471     0.0 -0.374500  0.708032   0.498113             
V8260                             -0.139866   0.869475  0.213633       -0.558579        0.278847             0.572021             1.321605     0.0 -0.654702  0.512660   0.963927             
V5844                             -0.168294   0.845105  0.586616       -1.318039        0.981452             0.267660             2.668327     0.0 -0.286890  0.774197   0.369228             
V4336                             -0.179242   0.835904  0.949933       -2.041076        1.682592             0.129889             5.379484     0.0 -0.188689  0.850337   0.233894             
V16975                            -0.180410   0.834928  0.193272       -0.559217        0.198396             0.571657             1.219446     0.0 -0.933452  0.350587   1.512156             
V11939                            -0.201219   0.817734  0.351745       -0.890627        0.488189             0.410399             1.629363     0.0 -0.572058  0.567283   0.817861             
V19631                            -0.234995   0.790575  0.397419       -1.013923        0.543932             0.362793             1.722768     0.0 -0.591303  0.554318   0.851215             
V10147                            -0.242744   0.784472  0.601040       -1.420761        0.935272             0.241530             2.547907     0.0 -0.403874  0.686306   0.543077             
V16555                            -0.251009   0.778015  0.256396       -0.753536        0.251518             0.470699             1.285976     0.0 -0.978990  0.327585   1.610060             
V10921                            -0.251031   0.777998  0.685776       -1.595128        1.093066             0.202883             2.983406     0.0 -0.366054  0.714325   0.485348             
V8775                             -0.295838   0.743908  0.315397       -0.914004        0.322328             0.400916             1.380338     0.0 -0.937987  0.348251   1.521801             
V13702                            -0.384135   0.681039  0.341095       -1.052669        0.284399             0.349005             1.328963     0.0 -1.126183  0.260088   1.942927             
V19617                            -0.400123   0.670237  0.400433       -1.184957        0.384711             0.305759             1.469190     0.0 -0.999227  0.317685   1.654331             
V9204                             -0.423995   0.654427  1.262141       -2.897745        2.049756             0.055147             7.766009     0.0 -0.335933  0.736922   0.440417             
Histology_Squamous Cell Carcinoma -0.457951   0.632579  1.383016       -3.168613        2.252712             0.042062             9.513499     0.0 -0.331124  0.740550   0.433330             
V15047                            -0.502351   0.605106  0.722569       -1.918560        0.913857             0.146818             2.493924     0.0 -0.695230  0.486911   1.038269             
V14625                            -0.503081   0.604665  0.742587       -1.958524        0.952362             0.141066             2.591824     0.0 -0.677471  0.498107   1.005472             
V8485                             -0.563926   0.568971  0.878843       -2.286427        1.158576             0.101629             3.185393     0.0 -0.641668  0.521089   0.940399             
V4710                             -0.727919   0.482913  0.877292       -2.447379        0.991541             0.086520             2.695385     0.0 -0.829734  0.406689   1.298002             
V4189                             -0.768904   0.463521  0.508364       -1.765279        0.227471             0.171139             1.255421     0.0 -1.512507  0.130405   2.938930             
V8491                             -0.782763   0.457141  0.473105       -1.710033        0.144506             0.180860             1.155469     0.0 -1.654522  0.098022   3.350757             
V2179                             -0.850091   0.427376  0.802216       -2.422405        0.722223             0.088708             2.059005     0.0 -1.059679  0.289291   1.789408             
V4133                             -0.890862   0.410302  0.434834       -1.743121       -0.038603             0.174973             0.962133     0.0 -2.048741  0.040487   4.626380            *
Stage_IIA                         -0.939930   0.390655  1.409198       -3.701907        1.822046             0.024676             6.184499     0.0 -0.666997  0.504774   0.986290             
V9223                             -1.039169   0.353749  0.652610       -2.318262        0.239924             0.098445             1.271152     0.0 -1.592327  0.111311   3.167328             
V15944                            -1.122119   0.325589  0.576426       -2.251892        0.007655             0.105200             1.007684     0.0 -1.946684  0.051573   4.277252             
V13620                            -1.124868   0.324695  0.772824       -2.639575        0.389839             0.071392             1.476743     0.0 -1.455530  0.145523   2.780684             
V17687                            -1.170065   0.310347  1.216805       -3.554959        1.214829             0.028583             3.369717     0.0 -0.961588  0.336256   1.572366             
V2457                             -1.374421   0.252986  1.355619       -4.031385        1.282543             0.017750             3.605797     0.0 -1.013870  0.310645   1.686662             
V12277                            -1.407852   0.244668  0.562075       -2.509498       -0.306206             0.081309             0.736235     0.0 -2.504743  0.012254   6.350597            *
V3661                             -1.458944   0.232482  1.070848       -3.557767        0.639879             0.028502             1.896252     0.0 -1.362419  0.173066   2.530609             
Stage_I                           -1.460725   0.232068  1.418176       -4.240300        1.318850             0.014403             3.739117     0.0 -1.030002  0.303009   1.722568             
V9585                             -1.550170   0.212212  1.175619       -3.854340        0.754001             0.021188             2.125487     0.0 -1.318599  0.187303   2.416552             
V9881                             -1.755689   0.172788  1.046315       -3.806429        0.295051             0.022227             1.343195     0.0 -1.677973  0.093352   3.421170             
V9825                             -1.813885   0.163020  1.076398       -3.923585        0.295815             0.019770             1.344222     0.0 -1.685144  0.091961   3.442838             
V16774                            -1.851931   0.156934  0.809121       -3.437779       -0.266084             0.032136             0.766375     0.0 -2.288819  0.022090   5.500472            *
Stage_IA                          -1.925662   0.145779  0.627107       -3.154770       -0.696555             0.042648             0.498299     0.0 -3.070706  0.002136   8.871188           **
V5291                             -2.182257   0.112787  1.211430       -4.556615        0.192102             0.010498             1.211794     0.0 -1.801389  0.071642   3.803060             
V14393                            -2.348739   0.095490  0.654186       -3.630921       -1.066557             0.026492             0.344192     0.0 -3.590320  0.000330  11.564057          ***
V1130                             -2.358519   0.094560  0.934389       -4.189888       -0.527151             0.015148             0.590285     0.0 -2.524130  0.011599   6.429918            *
Race_Unknown                      -3.669564   0.025488  1.568353       -6.743480       -0.595648             0.001179             0.551205     0.0 -2.339756  0.019296   5.695529            *
Race_Caucasian                    -3.752528   0.023458  1.304188       -6.308690       -1.196366             0.001820             0.302291     0.0 -2.877290  0.004011   7.961799           **
V11846                            -3.999990   0.018316  1.484825       -6.910193       -1.089786             0.000998             0.336288     0.0 -2.693913  0.007062   7.145737           **
Race_White                        -7.894788   0.000373  2.430591      -12.658658       -3.130917             0.000003             0.043678     0.0 -3.248094  0.001162   9.749411           **

Model metrics: -407.0495
0.9009

Train Concordance = 0.901
Concordance on test set = 0.566
Partial AIC = 1046.099
log-likelihood ratio test = 270.138 on 116 df
-log2(p) of ll-ratio test = 45.150