                                           coef  exp(coef)  se(coef)  coef lower 95%  coef upper 95%  exp(coef) lower 95%  exp(coef) upper 95%  cmp to         z         p  -log2(p) significance
covariate                                                                                                                                                                                        
Stage_IIIA                         2.945720e-01   1.342552  0.733397       -1.142860        1.732004             0.318906             5.651972     0.0  0.401654  0.687939  0.539648             
V7453                              1.356741e-01   1.145309  0.223529       -0.302435        0.573783             0.739017             1.774969     0.0  0.606964  0.543875  0.878654             
V7175                              1.249551e-01   1.133098  0.200208       -0.267446        0.517356             0.765332             1.677586     0.0  0.624126  0.532545  0.909025             
V19740                             1.110933e-01   1.117499  0.167770       -0.217730        0.439916             0.804343             1.552577     0.0  0.662176  0.507858  0.977502             
Stage_IIB                          1.048307e-01   1.110523  0.246201       -0.377714        0.587375             0.685427             1.799260     0.0  0.425793  0.670258  0.577211             
V4652                              7.688884e-02   1.079922  0.191733       -0.298901        0.452679             0.741633             1.572519     0.0  0.401020  0.688405  0.538670             
V14424                             7.584894e-02   1.078800  0.328910       -0.568802        0.720500             0.566203             2.055461     0.0  0.230607  0.817620  0.290498             
V16002                             6.684751e-02   1.069132  0.242860       -0.409149        0.542844             0.664215             1.720894     0.0  0.275251  0.783123  0.352689             
V4718                              4.698618e-02   1.048108  0.161834       -0.270203        0.364176             0.763224             1.439327     0.0  0.290335  0.771560  0.374150             
Sex                                4.417607e-02   1.045166  0.162841       -0.274987        0.363339             0.759582             1.438124     0.0  0.271283  0.786174  0.347080             
Smoked?                            4.338453e-02   1.044339  0.181457       -0.312264        0.399033             0.731789             1.490382     0.0  0.239090  0.811035  0.302163             
Adjuvant Chemo                     5.987215e-03   1.006005  0.332427       -0.645559        0.657533             0.524370             1.930025     0.0  0.018011  0.985630  0.020881             
V9426                              5.147244e-03   1.005161  0.471094       -0.918180        0.928475             0.399245             2.530647     0.0  0.010926  0.991282  0.012632             
Age                                2.960070e-03   1.002964  0.008606       -0.013907        0.019827             0.986189             1.020025     0.0  0.343957  0.730878  0.452297             
V1738                              2.760564e-03   1.002764  0.142518       -0.276569        0.282090             0.758381             1.325898     0.0  0.019370  0.984546  0.022470             
V10263                             3.116325e-07   1.000000  0.002530       -0.004959        0.004960             0.995053             1.004972     0.0  0.000123  0.999902  0.000142             
V10917                             3.079813e-07   1.000000  0.000737       -0.001444        0.001445             0.998557             1.001446     0.0  0.000418  0.999667  0.000481             
V805                               2.628284e-07   1.000000  0.000745       -0.001460        0.001461             0.998541             1.001462     0.0  0.000353  0.999719  0.000406             
V12299                             1.923995e-07   1.000000  0.000432       -0.000846        0.000846             0.999155             1.000847     0.0  0.000446  0.999644  0.000513             
Histology_Large Cell Carcinoma     1.805927e-07   1.000000  0.000397       -0.000778        0.000779             0.999222             1.000779     0.0  0.000455  0.999637  0.000523             
V10670                             1.639442e-07   1.000000  0.000365       -0.000714        0.000715             0.999286             1.000715     0.0  0.000450  0.999641  0.000518             
Stage_IIIB                         1.604990e-07   1.000000  0.000353       -0.000692        0.000692             0.999309             1.000692     0.0  0.000455  0.999637  0.000524             
V20073                             1.535605e-07   1.000000  0.000363       -0.000711        0.000711             0.999289             1.000712     0.0  0.000423  0.999662  0.000487             
V10248                             1.427449e-07   1.000000  0.000318       -0.000623        0.000623             0.999377             1.000623     0.0  0.000449  0.999642  0.000517             
V4212                              1.353061e-07   1.000000  0.000348       -0.000683        0.000683             0.999317             1.000683     0.0  0.000388  0.999690  0.000447             
V10653                             1.323208e-07   1.000000  0.000299       -0.000585        0.000585             0.999415             1.000586     0.0  0.000443  0.999646  0.000510             
V7711                              1.269861e-07   1.000000  0.000321       -0.000629        0.000630             0.999371             1.000630     0.0  0.000395  0.999685  0.000455             
V5607                              1.200274e-07   1.000000  0.000269       -0.000528        0.000528             0.999472             1.000528     0.0  0.000446  0.999644  0.000513             
V10393                             1.182085e-07   1.000000  0.000308       -0.000603        0.000603             0.999397             1.000603     0.0  0.000384  0.999693  0.000442             
V18336                             1.103860e-07   1.000000  0.000244       -0.000478        0.000478             0.999522             1.000478     0.0  0.000453  0.999639  0.000521             
V547                               1.074857e-07   1.000000  0.000322       -0.000632        0.000632             0.999369             1.000632     0.0  0.000334  0.999734  0.000384             
V17158                             1.072583e-07   1.000000  0.000236       -0.000463        0.000463             0.999537             1.000463     0.0  0.000454  0.999638  0.000523             
V8823                              1.054014e-07   1.000000  0.000237       -0.000464        0.000464             0.999536             1.000464     0.0  0.000445  0.999645  0.000512             
V15869                             1.048159e-07   1.000000  0.000231       -0.000452        0.000452             0.999548             1.000452     0.0  0.000455  0.999637  0.000523             
V10714                             1.001104e-07   1.000000  0.000237       -0.000465        0.000465             0.999535             1.000465     0.0  0.000422  0.999663  0.000486             
V6697                              9.993938e-08   1.000000  0.000267       -0.000522        0.000523             0.999478             1.000523     0.0  0.000375  0.999701  0.000432             
V12166                             9.943381e-08   1.000000  0.000233       -0.000456        0.000456             0.999544             1.000456     0.0  0.000427  0.999659  0.000492             
Race_Caucasian                     9.682207e-08   1.000000  0.000218       -0.000427        0.000428             0.999573             1.000428     0.0  0.000444  0.999646  0.000511             
V9676                              9.303611e-08   1.000000  0.000225       -0.000442        0.000442             0.999558             1.000442     0.0  0.000413  0.999671  0.000475             
V8828                              9.301214e-08   1.000000  0.000263       -0.000515        0.000515             0.999485             1.000515     0.0  0.000354  0.999718  0.000408             
Stage_IIA                          9.229491e-08   1.000000  0.000280       -0.000549        0.000549             0.999451             1.000549     0.0  0.000329  0.999737  0.000379             
V10147                             9.181893e-08   1.000000  0.000214       -0.000419        0.000419             0.999581             1.000419     0.0  0.000430  0.999657  0.000495             
V4281                              8.974762e-08   1.000000  0.000265       -0.000519        0.000520             0.999481             1.000520     0.0  0.000339  0.999730  0.000390             
V9449                              8.336907e-08   1.000000  0.000192       -0.000376        0.000377             0.999624             1.000377     0.0  0.000434  0.999654  0.000500             
V14566                             8.184366e-08   1.000000  0.000203       -0.000398        0.000399             0.999602             1.000399     0.0  0.000403  0.999679  0.000464             
V4904                              8.109394e-08   1.000000  0.000229       -0.000450        0.000450             0.999550             1.000450     0.0  0.000353  0.999718  0.000407             
V12352                             8.067044e-08   1.000000  0.000227       -0.000446        0.000446             0.999555             1.000446     0.0  0.000355  0.999717  0.000408             
V2766                              8.065364e-08   1.000000  0.000182       -0.000356        0.000356             0.999644             1.000356     0.0  0.000444  0.999646  0.000511             
V16368                             8.044598e-08   1.000000  0.000180       -0.000353        0.000353             0.999647             1.000353     0.0  0.000446  0.999644  0.000514             
V9817                              8.027056e-08   1.000000  0.000177       -0.000346        0.000346             0.999654             1.000346     0.0  0.000454  0.999638  0.000523             
V4356                              7.713164e-08   1.000000  0.000173       -0.000339        0.000339             0.999661             1.000339     0.0  0.000446  0.999644  0.000514             
V8721                              7.575735e-08   1.000000  0.000177       -0.000346        0.000346             0.999654             1.000346     0.0  0.000429  0.999658  0.000494             
V13209                             7.485222e-08   1.000000  0.000189       -0.000370        0.000370             0.999630             1.000371     0.0  0.000396  0.999684  0.000456             
V13314                             7.437049e-08   1.000000  0.000182       -0.000357        0.000357             0.999644             1.000357     0.0  0.000409  0.999674  0.000471             
V18825                             7.378042e-08   1.000000  0.000165       -0.000324        0.000324             0.999676             1.000324     0.0  0.000446  0.999644  0.000513             
V9500                              7.236305e-08   1.000000  0.000251       -0.000492        0.000492             0.999508             1.000492     0.0  0.000288  0.999770  0.000332             
V39                                7.074647e-08   1.000000  0.000181       -0.000354        0.000354             0.999646             1.000354     0.0  0.000392  0.999688  0.000451             
V4336                              7.038770e-08   1.000000  0.000182       -0.000358        0.000358             0.999643             1.000358     0.0  0.000386  0.999692  0.000444             
V8070                              7.029617e-08   1.000000  0.000184       -0.000361        0.000361             0.999639             1.000361     0.0  0.000382  0.999695  0.000440             
V14974                             6.672121e-08   1.000000  0.000158       -0.000310        0.000310             0.999690             1.000310     0.0  0.000422  0.999663  0.000486             
V11207                             6.624844e-08   1.000000  0.000161       -0.000316        0.000316             0.999684             1.000316     0.0  0.000411  0.999672  0.000473             
V5639                              6.478147e-08   1.000000  0.000174       -0.000342        0.000342             0.999658             1.000342     0.0  0.000372  0.999704  0.000428             
V10064                             6.214442e-08   1.000000  0.000168       -0.000329        0.000329             0.999671             1.000329     0.0  0.000371  0.999704  0.000427             
V3435                              6.125715e-08   1.000000  0.000135       -0.000264        0.000264             0.999736             1.000264     0.0  0.000455  0.999637  0.000524             
V12279                             5.875983e-08   1.000000  0.000135       -0.000265        0.000265             0.999735             1.000265     0.0  0.000435  0.999653  0.000501             
V13767                             5.841438e-08   1.000000  0.000129       -0.000252        0.000252             0.999748             1.000252     0.0  0.000454  0.999638  0.000523             
V9624                              5.746692e-08   1.000000  0.000215       -0.000421        0.000421             0.999579             1.000421     0.0  0.000267  0.999787  0.000308             
V13863                             5.731806e-08   1.000000  0.000136       -0.000266        0.000266             0.999734             1.000266     0.0  0.000422  0.999663  0.000486             
V9395                              5.689589e-08   1.000000  0.000151       -0.000295        0.000295             0.999705             1.000295     0.0  0.000378  0.999698  0.000435             
V3918                              5.601232e-08   1.000000  0.000169       -0.000332        0.000332             0.999668             1.000332     0.0  0.000331  0.999736  0.000381             
V17687                             5.564862e-08   1.000000  0.000207       -0.000405        0.000405             0.999595             1.000405     0.0  0.000269  0.999785  0.000310             
V1278                              5.555516e-08   1.000000  0.000165       -0.000323        0.000323             0.999677             1.000323     0.0  0.000337  0.999731  0.000388             
V20287                             5.534493e-08   1.000000  0.000123       -0.000242        0.000242             0.999758             1.000242     0.0  0.000449  0.999642  0.000517             
V14847                             5.490763e-08   1.000000  0.000137       -0.000269        0.000269             0.999731             1.000269     0.0  0.000399  0.999681  0.000460             
V115                               5.484136e-08   1.000000  0.000124       -0.000242        0.000242             0.999758             1.000242     0.0  0.000444  0.999646  0.000511             
V15740                             5.458283e-08   1.000000  0.000122       -0.000239        0.000239             0.999761             1.000239     0.0  0.000447  0.999643  0.000515             
V16606                             5.417904e-08   1.000000  0.000124       -0.000243        0.000243             0.999757             1.000243     0.0  0.000437  0.999652  0.000503             
Histology_Squamous Cell Carcinoma  5.354456e-08   1.000000  0.000127       -0.000249        0.000249             0.999751             1.000249     0.0  0.000422  0.999664  0.000485             
V6590                              5.325135e-08   1.000000  0.000118       -0.000231        0.000231             0.999769             1.000231     0.0  0.000451  0.999640  0.000520             
V17390                             4.833322e-08   1.000000  0.000123       -0.000241        0.000241             0.999759             1.000241     0.0  0.000393  0.999686  0.000453             
V688                               4.813362e-08   1.000000  0.000118       -0.000231        0.000231             0.999769             1.000231     0.0  0.000408  0.999674  0.000470             
V2977                              4.786385e-08   1.000000  0.000152       -0.000299        0.000299             0.999701             1.000299     0.0  0.000314  0.999749  0.000362             
Stage_II                           4.763812e-08   1.000000  0.000121       -0.000236        0.000236             0.999764             1.000236     0.0  0.000395  0.999685  0.000455             
V19155                             4.734725e-08   1.000000  0.000109       -0.000214        0.000214             0.999786             1.000214     0.0  0.000434  0.999654  0.000499             
V4554                              4.732473e-08   1.000000  0.000106       -0.000209        0.000209             0.999791             1.000209     0.0  0.000444  0.999645  0.000512             
V11588                             4.693599e-08   1.000000  0.000110       -0.000216        0.000217             0.999784             1.000217     0.0  0.000425  0.999661  0.000489             
V19916                             4.688263e-08   1.000000  0.000104       -0.000204        0.000204             0.999796             1.000204     0.0  0.000451  0.999640  0.000519             
V18691                             4.665852e-08   1.000000  0.000123       -0.000242        0.000242             0.999758             1.000242     0.0  0.000378  0.999698  0.000436             
V18000                             4.665727e-08   1.000000  0.000144       -0.000283        0.000283             0.999717             1.000283     0.0  0.000323  0.999742  0.000372             
V20976                             4.415008e-08   1.000000  0.000097       -0.000190        0.000190             0.999810             1.000190     0.0  0.000454  0.999637  0.000523             
V12052                             4.330894e-08   1.000000  0.000099       -0.000194        0.000194             0.999806             1.000194     0.0  0.000438  0.999650  0.000505             
V5893                              4.256525e-08   1.000000  0.000101       -0.000198        0.000199             0.999802             1.000199     0.0  0.000420  0.999665  0.000484             
V6967                              4.241136e-08   1.000000  0.000097       -0.000191        0.000191             0.999809             1.000191     0.0  0.000435  0.999653  0.000501             
V4686                              4.212430e-08   1.000000  0.000094       -0.000185        0.000185             0.999815             1.000185     0.0  0.000446  0.999644  0.000514             
V20207                             4.163479e-08   1.000000  0.000152       -0.000298        0.000298             0.999702             1.000298     0.0  0.000274  0.999782  0.000315             
V1516                              4.154364e-08   1.000000  0.000114       -0.000222        0.000223             0.999778             1.000223     0.0  0.000366  0.999708  0.000421             
V10358                             4.102606e-08   1.000000  0.000199       -0.000389        0.000389             0.999611             1.000389     0.0  0.000207  0.999835  0.000238             
V21280                             4.093903e-08   1.000000  0.000090       -0.000176        0.000176             0.999824             1.000176     0.0  0.000455  0.999637  0.000524             
V338                               4.006299e-08   1.000000  0.000089       -0.000175        0.000175             0.999825             1.000175     0.0  0.000449  0.999642  0.000517             
V15274                             3.883581e-08   1.000000  0.000088       -0.000172        0.000172             0.999828             1.000172     0.0  0.000442  0.999647  0.000509             
V9536                              3.836769e-08   1.000000  0.000163       -0.000320        0.000320             0.999680             1.000320     0.0  0.000235  0.999813  0.000271             
V2415                              3.813552e-08   1.000000  0.000092       -0.000181        0.000181             0.999819             1.000181     0.0  0.000413  0.999671  0.000475             
V10891                             3.795120e-08   1.000000  0.000122       -0.000240        0.000240             0.999760             1.000240     0.0  0.000310  0.999753  0.000357             
V9204                              3.641890e-08   1.000000  0.000193       -0.000378        0.000378             0.999622             1.000378     0.0  0.000189  0.999849  0.000217             
V17250                             3.638843e-08   1.000000  0.000129       -0.000252        0.000252             0.999748             1.000252     0.0  0.000283  0.999774  0.000326             
V5865                              3.405005e-08   1.000000  0.000199       -0.000390        0.000390             0.999611             1.000390     0.0  0.000171  0.999863  0.000197             
V914                               3.402782e-08   1.000000  0.000147       -0.000289        0.000289             0.999711             1.000289     0.0  0.000231  0.999816  0.000266             
V18946                             3.386128e-08   1.000000  0.000103       -0.000203        0.000203             0.999797             1.000203     0.0  0.000327  0.999739  0.000377             
V11837                             3.354887e-08   1.000000  0.000105       -0.000205        0.000205             0.999795             1.000205     0.0  0.000320  0.999744  0.000369             
V11448                             3.319302e-08   1.000000  0.000102       -0.000199        0.000199             0.999801             1.000199     0.0  0.000327  0.999739  0.000376             
V10215                             3.242432e-08   1.000000  0.000186       -0.000365        0.000365             0.999635             1.000365     0.0  0.000174  0.999861  0.000200             
V15552                             3.209616e-08   1.000000  0.000071       -0.000139        0.000139             0.999861             1.000139     0.0  0.000452  0.999640  0.000520             
V10299                             3.169661e-08   1.000000  0.000095       -0.000187        0.000187             0.999813             1.000187     0.0  0.000332  0.999735  0.000382             
V9920                              3.147560e-08   1.000000  0.000071       -0.000138        0.000138             0.999862             1.000138     0.0  0.000446  0.999644  0.000514             
V14483                             3.122987e-08   1.000000  0.000156       -0.000306        0.000306             0.999694             1.000306     0.0  0.000200  0.999840  0.000230             
V19785                             3.121474e-08   1.000000  0.000069       -0.000136        0.000136             0.999864             1.000136     0.0  0.000450  0.999641  0.000518             
V7574                              3.017807e-08   1.000000  0.000091       -0.000178        0.000178             0.999822             1.000178     0.0  0.000332  0.999735  0.000382             
V15065                             3.011527e-08   1.000000  0.000087       -0.000170        0.000170             0.999830             1.000170     0.0  0.000348  0.999722  0.000400             
V18535                             3.007700e-08   1.000000  0.000139       -0.000273        0.000273             0.999727             1.000273     0.0  0.000216  0.999828  0.000248             
V19631                             2.871719e-08   1.000000  0.000077       -0.000150        0.000150             0.999850             1.000150     0.0  0.000374  0.999701  0.000431             
V2442                              2.791861e-08   1.000000  0.000077       -0.000151        0.000151             0.999849             1.000151     0.0  0.000363  0.999711  0.000418             
V4365                              2.745293e-08   1.000000  0.000061       -0.000119        0.000119             0.999881             1.000119     0.0  0.000452  0.999640  0.000520             
V16090                             2.741496e-08   1.000000  0.000117       -0.000230        0.000230             0.999770             1.000230     0.0  0.000234  0.999814  0.000269             
V17939                             2.701011e-08   1.000000  0.000080       -0.000157        0.000157             0.999843             1.000157     0.0  0.000338  0.999731  0.000389             
V2193                              2.685567e-08   1.000000  0.000077       -0.000151        0.000151             0.999849             1.000151     0.0  0.000348  0.999723  0.000400             
V6276                              2.677189e-08   1.000000  0.000060       -0.000118        0.000118             0.999882             1.000118     0.0  0.000445  0.999645  0.000513             
V14855                             2.671099e-08   1.000000  0.000059       -0.000115        0.000115             0.999885             1.000115     0.0  0.000454  0.999638  0.000523             
V20816                             2.634445e-08   1.000000  0.000060       -0.000117        0.000117             0.999883             1.000117     0.0  0.000442  0.999647  0.000509             
V17864                             2.574859e-08   1.000000  0.000060       -0.000117        0.000117             0.999883             1.000117     0.0  0.000430  0.999657  0.000495             
V8208                              2.573863e-08   1.000000  0.000064       -0.000124        0.000124             0.999876             1.000124     0.0  0.000405  0.999677  0.000467             
V20954                             2.509947e-08   1.000000  0.000123       -0.000240        0.000240             0.999760             1.000240     0.0  0.000205  0.999837  0.000236             
V1884                              2.468730e-08   1.000000  0.000071       -0.000140        0.000140             0.999860             1.000140     0.0  0.000346  0.999724  0.000399             
V11322                             2.405903e-08   1.000000  0.000081       -0.000158        0.000158             0.999842             1.000158     0.0  0.000299  0.999762  0.000344             
V16536                             2.390450e-08   1.000000  0.000101       -0.000198        0.000198             0.999802             1.000198     0.0  0.000236  0.999812  0.000272             
V13887                             2.377479e-08   1.000000  0.000078       -0.000152        0.000152             0.999848             1.000152     0.0  0.000306  0.999756  0.000352             
V8485                              2.346698e-08   1.000000  0.000120       -0.000235        0.000235             0.999765             1.000235     0.0  0.000196  0.999844  0.000225             
V3665                              2.312879e-08   1.000000  0.000169       -0.000330        0.000331             0.999670             1.000331     0.0  0.000137  0.999891  0.000158             
V17797                             2.308196e-08   1.000000  0.000079       -0.000154        0.000154             0.999846             1.000154     0.0  0.000294  0.999765  0.000338             
V9097                              2.306509e-08   1.000000  0.000098       -0.000192        0.000192             0.999808             1.000192     0.0  0.000235  0.999812  0.000271             
V9905                              2.249957e-08   1.000000  0.000171       -0.000336        0.000336             0.999664             1.000336     0.0  0.000131  0.999895  0.000151             
V14820                             2.127710e-08   1.000000  0.000171       -0.000334        0.000335             0.999666             1.000335     0.0  0.000125  0.999901  0.000144             
V788                               2.126840e-08   1.000000  0.000047       -0.000092        0.000092             0.999908             1.000092     0.0  0.000454  0.999638  0.000523             
V16177                             2.120298e-08   1.000000  0.000078       -0.000153        0.000153             0.999847             1.000153     0.0  0.000272  0.999783  0.000313             
V2522                              2.066657e-08   1.000000  0.000055       -0.000107        0.000107             0.999893             1.000107     0.0  0.000379  0.999698  0.000436             
V14327                             1.978358e-08   1.000000  0.000053       -0.000104        0.000104             0.999896             1.000104     0.0  0.000372  0.999703  0.000429             
V7221                              1.889631e-08   1.000000  0.000095       -0.000186        0.000186             0.999814             1.000186     0.0  0.000199  0.999841  0.000229             
V9507                              1.882082e-08   1.000000  0.000055       -0.000108        0.000108             0.999892             1.000108     0.0  0.000341  0.999728  0.000393             
V17877                             1.835095e-08   1.000000  0.000056       -0.000109        0.000109             0.999891             1.000109     0.0  0.000329  0.999737  0.000379             
V12741                             1.794600e-08   1.000000  0.000058       -0.000114        0.000114             0.999886             1.000114     0.0  0.000308  0.999754  0.000355             
V4083                              1.763906e-08   1.000000  0.000127       -0.000249        0.000249             0.999751             1.000249     0.0  0.000139  0.999889  0.000160             
V2491                              1.686017e-08   1.000000  0.000054       -0.000105        0.000105             0.999895             1.000105     0.0  0.000315  0.999749  0.000362             
V6557                              1.639721e-08   1.000000  0.000040       -0.000077        0.000077             0.999923             1.000077     0.0  0.000415  0.999669  0.000478             
V16537                             1.630385e-08   1.000000  0.000055       -0.000109        0.000109             0.999891             1.000109     0.0  0.000294  0.999765  0.000339             
V11846                             1.602537e-08   1.000000  0.000219       -0.000430        0.000430             0.999570             1.000430     0.0  0.000073  0.999942  0.000084             
V11095                             1.597919e-08   1.000000  0.000043       -0.000085        0.000085             0.999915             1.000085     0.0  0.000369  0.999706  0.000425             
V19543                             1.593067e-08   1.000000  0.000063       -0.000124        0.000124             0.999876             1.000124     0.0  0.000252  0.999799  0.000290             
V18574                             1.588780e-08   1.000000  0.000112       -0.000220        0.000220             0.999780             1.000220     0.0  0.000141  0.999887  0.000163             
V11050                             1.528737e-08   1.000000  0.000174       -0.000341        0.000341             0.999659             1.000341     0.0  0.000088  0.999930  0.000101             
V11084                             1.525451e-08   1.000000  0.000035       -0.000069        0.000069             0.999931             1.000069     0.0  0.000435  0.999653  0.000501             
V11784                             1.524313e-08   1.000000  0.000055       -0.000108        0.000108             0.999892             1.000108     0.0  0.000276  0.999780  0.000318             
V13                                1.469295e-08   1.000000  0.000136       -0.000266        0.000266             0.999734             1.000266     0.0  0.000108  0.999914  0.000125             
V3421                              1.449907e-08   1.000000  0.000087       -0.000170        0.000170             0.999830             1.000170     0.0  0.000167  0.999867  0.000192             
V14112                             1.435252e-08   1.000000  0.000157       -0.000307        0.000308             0.999693             1.000308     0.0  0.000091  0.999927  0.000105             
V15554                             1.343950e-08   1.000000  0.000051       -0.000099        0.000099             0.999901             1.000099     0.0  0.000265  0.999789  0.000305             
V14531                             1.312906e-08   1.000000  0.000058       -0.000114        0.000114             0.999886             1.000114     0.0  0.000225  0.999820  0.000259             
V14299                             1.274007e-08   1.000000  0.000050       -0.000098        0.000098             0.999902             1.000098     0.0  0.000254  0.999797  0.000293             
V13492                             1.273000e-08   1.000000  0.000063       -0.000124        0.000124             0.999876             1.000124     0.0  0.000202  0.999839  0.000232             
V16716                             1.233754e-08   1.000000  0.000057       -0.000111        0.000111             0.999889             1.000111     0.0  0.000217  0.999827  0.000250             
V11086                             1.230909e-08   1.000000  0.000031       -0.000061        0.000061             0.999939             1.000061     0.0  0.000398  0.999682  0.000458             
V9556                              1.187099e-08   1.000000  0.000097       -0.000190        0.000190             0.999810             1.000190     0.0  0.000123  0.999902  0.000141             
V19243                             1.182511e-08   1.000000  0.000058       -0.000114        0.000114             0.999886             1.000114     0.0  0.000204  0.999837  0.000235             
V18148                             1.167122e-08   1.000000  0.000104       -0.000204        0.000204             0.999796             1.000204     0.0  0.000112  0.999911  0.000129             
V17869                             1.153000e-08   1.000000  0.000092       -0.000180        0.000180             0.999820             1.000180     0.0  0.000126  0.999900  0.000145             
V16887                             1.102241e-08   1.000000  0.000053       -0.000104        0.000104             0.999896             1.000104     0.0  0.000208  0.999834  0.000239             
V8775                              1.087875e-08   1.000000  0.000055       -0.000108        0.000108             0.999892             1.000108     0.0  0.000197  0.999842  0.000227             
V17260                             1.070684e-08   1.000000  0.000043       -0.000084        0.000084             0.999916             1.000084     0.0  0.000250  0.999800  0.000288             
V3661                              1.062075e-08   1.000000  0.000127       -0.000249        0.000249             0.999751             1.000249     0.0  0.000084  0.999933  0.000096             
V5844                              1.049296e-08   1.000000  0.000074       -0.000145        0.000145             0.999855             1.000145     0.0  0.000142  0.999887  0.000164             
V10361                             1.036564e-08   1.000000  0.000146       -0.000286        0.000286             0.999714             1.000286     0.0  0.000071  0.999943  0.000082             
V561                               1.016994e-08   1.000000  0.000085       -0.000167        0.000167             0.999833             1.000167     0.0  0.000119  0.999905  0.000138             
V8170                              1.011857e-08   1.000000  0.000081       -0.000159        0.000159             0.999841             1.000159     0.0  0.000125  0.999901  0.000144             
V8260                              9.925655e-09   1.000000  0.000042       -0.000083        0.000083             0.999917             1.000083     0.0  0.000234  0.999813  0.000269             
V5294                              9.881574e-09   1.000000  0.000045       -0.000089        0.000089             0.999911             1.000089     0.0  0.000218  0.999826  0.000251             
V957                               9.569059e-09   1.000000  0.000128       -0.000251        0.000251             0.999749             1.000251     0.0  0.000075  0.999940  0.000086             
V10834                             9.484827e-09   1.000000  0.000034       -0.000066        0.000066             0.999934             1.000066     0.0  0.000283  0.999774  0.000326             
V19545                             9.227959e-09   1.000000  0.000040       -0.000078        0.000078             0.999922             1.000078     0.0  0.000232  0.999815  0.000267             
V4130                              9.089884e-09   1.000000  0.000052       -0.000101        0.000101             0.999899             1.000101     0.0  0.000176  0.999860  0.000203             
V7627                              8.772129e-09   1.000000  0.000037       -0.000073        0.000073             0.999927             1.000073     0.0  0.000236  0.999811  0.000272             
V2084                              8.745008e-09   1.000000  0.000031       -0.000061        0.000061             0.999939             1.000061     0.0  0.000280  0.999777  0.000322             
V8745                              8.666066e-09   1.000000  0.000110       -0.000216        0.000216             0.999784             1.000216     0.0  0.000079  0.999937  0.000090             
V17728                             8.487711e-09   1.000000  0.000034       -0.000067        0.000067             0.999933             1.000067     0.0  0.000250  0.999800  0.000288             
Stage_IB                           8.274402e-09   1.000000  0.000067       -0.000131        0.000131             0.999869             1.000131     0.0  0.000124  0.999901  0.000142             
V2240                              7.935935e-09   1.000000  0.000110       -0.000216        0.000216             0.999784             1.000216     0.0  0.000072  0.999943  0.000083             
V11568                             7.928861e-09   1.000000  0.000041       -0.000080        0.000080             0.999920             1.000080     0.0  0.000193  0.999846  0.000222             
V9223                              7.754041e-09   1.000000  0.000129       -0.000254        0.000254             0.999746             1.000254     0.0  0.000060  0.999952  0.000069             
V8402                              7.748322e-09   1.000000  0.000031       -0.000060        0.000060             0.999940             1.000060     0.0  0.000252  0.999799  0.000291             
V18739                             7.039385e-09   1.000000  0.000077       -0.000151        0.000151             0.999849             1.000151     0.0  0.000091  0.999927  0.000105             
V8838                              6.878191e-09   1.000000  0.000293       -0.000575        0.000575             0.999425             1.000575     0.0  0.000023  0.999981  0.000027             
V3465                              6.841237e-09   1.000000  0.000034       -0.000066        0.000066             0.999934             1.000066     0.0  0.000202  0.999839  0.000233             
V3750                              6.525869e-09   1.000000  0.000087       -0.000171        0.000171             0.999830             1.000171     0.0  0.000075  0.999940  0.000086             
V11939                             5.509301e-09   1.000000  0.000053       -0.000103        0.000103             0.999897             1.000103     0.0  0.000105  0.999917  0.000120             
V12719                             5.195287e-09   1.000000  0.000036       -0.000071        0.000071             0.999929             1.000071     0.0  0.000143  0.999886  0.000165             
V3231                              5.178137e-09   1.000000  0.000091       -0.000179        0.000179             0.999821             1.000179     0.0  0.000057  0.999955  0.000065             
V10329                             5.059862e-09   1.000000  0.000202       -0.000395        0.000395             0.999605             1.000395     0.0  0.000025  0.999980  0.000029             
V12948                             4.102781e-09   1.000000  0.000139       -0.000272        0.000272             0.999728             1.000272     0.0  0.000030  0.999976  0.000034             
V3284                              3.939843e-09   1.000000  0.000060       -0.000118        0.000118             0.999882             1.000118     0.0  0.000065  0.999948  0.000075             
V5271                              3.239970e-09   1.000000  0.000126       -0.000246        0.000246             0.999754             1.000246     0.0  0.000026  0.999979  0.000030             
V14296                             3.133885e-09   1.000000  0.000069       -0.000136        0.000136             0.999864             1.000136     0.0  0.000045  0.999964  0.000052             
V5512                              3.103101e-09   1.000000  0.000091       -0.000178        0.000178             0.999822             1.000178     0.0  0.000034  0.999973  0.000039             
V17458                             2.056785e-09   1.000000  0.000089       -0.000174        0.000174             0.999826             1.000174     0.0  0.000023  0.999982  0.000027             
V1632                              2.023262e-09   1.000000  0.000071       -0.000139        0.000139             0.999861             1.000139     0.0  0.000029  0.999977  0.000033             
V19436                             1.857582e-09   1.000000  0.000128       -0.000251        0.000251             0.999749             1.000251     0.0  0.000015  0.999988  0.000017             
V4123                              1.277359e-09   1.000000  0.000079       -0.000155        0.000155             0.999845             1.000155     0.0  0.000016  0.999987  0.000019             
V4736                              8.351605e-10   1.000000  0.000019       -0.000037        0.000037             0.999963             1.000037     0.0  0.000044  0.999965  0.000051             
V3704                              3.618660e-10   1.000000  0.000028       -0.000055        0.000055             0.999945             1.000055     0.0  0.000013  0.999990  0.000015             
V14913                             3.425141e-10   1.000000  0.000078       -0.000153        0.000153             0.999847             1.000153     0.0  0.000004  0.999997  0.000005             
V15607                             1.034982e-10   1.000000  0.000082       -0.000161        0.000161             0.999839             1.000161     0.0  0.000001  0.999999  0.000001             
V11793                            -7.674918e-11   1.000000  0.000068       -0.000133        0.000133             0.999867             1.000133     0.0 -0.000001  0.999999  0.000001             
V11741                            -3.207120e-10   1.000000  0.000030       -0.000059        0.000059             0.999941             1.000059     0.0 -0.000011  0.999992  0.000012             
V14426                            -6.208320e-10   1.000000  0.000088       -0.000172        0.000172             0.999828             1.000172     0.0 -0.000007  0.999994  0.000008             
V962                              -8.196789e-10   1.000000  0.000029       -0.000056        0.000056             0.999944             1.000056     0.0 -0.000029  0.999977  0.000033             
V16555                            -1.068737e-09   1.000000  0.000035       -0.000069        0.000069             0.999931             1.000069     0.0 -0.000030  0.999976  0.000035             
V10762                            -1.134041e-09   1.000000  0.000036       -0.000070        0.000070             0.999930             1.000070     0.0 -0.000032  0.999975  0.000037             
V3978                             -1.140281e-09   1.000000  0.000040       -0.000078        0.000078             0.999922             1.000078     0.0 -0.000029  0.999977  0.000033             
V13781                            -1.175777e-09   1.000000  0.000045       -0.000088        0.000088             0.999912             1.000088     0.0 -0.000026  0.999979  0.000030             
V10046                            -1.380032e-09   1.000000  0.000138       -0.000270        0.000270             0.999730             1.000270     0.0 -0.000010  0.999992  0.000012             
V7863                             -1.490236e-09   1.000000  0.000025       -0.000049        0.000049             0.999951             1.000049     0.0 -0.000060  0.999952  0.000069             
V11746                            -1.768624e-09   1.000000  0.000016       -0.000032        0.000032             0.999968             1.000032     0.0 -0.000109  0.999913  0.000125             
V14002                            -2.415290e-09   1.000000  0.000055       -0.000108        0.000108             0.999892             1.000108     0.0 -0.000044  0.999965  0.000050             
V11893                            -2.461061e-09   1.000000  0.000064       -0.000126        0.000126             0.999874             1.000126     0.0 -0.000038  0.999969  0.000044             
V751                              -2.680317e-09   1.000000  0.000165       -0.000323        0.000323             0.999677             1.000323     0.0 -0.000016  0.999987  0.000019             
V15952                            -3.094734e-09   1.000000  0.000032       -0.000064        0.000064             0.999936             1.000064     0.0 -0.000096  0.999924  0.000110             
V12374                            -3.606785e-09   1.000000  0.000051       -0.000100        0.000100             0.999900             1.000100     0.0 -0.000071  0.999944  0.000081             
V8026                             -3.681643e-09   1.000000  0.000144       -0.000283        0.000283             0.999717             1.000283     0.0 -0.000025  0.999980  0.000029             
V2159                             -3.775500e-09   1.000000  0.000018       -0.000036        0.000036             0.999964             1.000036     0.0 -0.000207  0.999835  0.000238             
V14289                            -4.078914e-09   1.000000  0.000133       -0.000261        0.000261             0.999739             1.000261     0.0 -0.000031  0.999976  0.000035             
V6706                             -4.669218e-09   1.000000  0.000028       -0.000055        0.000055             0.999945             1.000055     0.0 -0.000165  0.999868  0.000190             
V10921                            -4.930931e-09   1.000000  0.000103       -0.000202        0.000202             0.999798             1.000202     0.0 -0.000048  0.999962  0.000055             
V6948                             -4.954659e-09   1.000000  0.000060       -0.000117        0.000117             0.999883             1.000117     0.0 -0.000083  0.999934  0.000096             
V3260                             -5.510440e-09   1.000000  0.000116       -0.000227        0.000227             0.999773             1.000227     0.0 -0.000048  0.999962  0.000055             
V13050                            -5.845754e-09   1.000000  0.000048       -0.000093        0.000093             0.999907             1.000093     0.0 -0.000123  0.999902  0.000141             
V1790                             -5.960937e-09   1.000000  0.000097       -0.000190        0.000190             0.999810             1.000190     0.0 -0.000061  0.999951  0.000071             
V16975                            -6.024690e-09   1.000000  0.000033       -0.000065        0.000065             0.999935             1.000065     0.0 -0.000182  0.999855  0.000209             
V1362                             -6.060196e-09   1.000000  0.000052       -0.000102        0.000102             0.999898             1.000102     0.0 -0.000117  0.999907  0.000134             
V7316                             -6.151850e-09   1.000000  0.000088       -0.000173        0.000173             0.999827             1.000173     0.0 -0.000070  0.999944  0.000080             
V7854                             -6.232662e-09   1.000000  0.000024       -0.000048        0.000048             0.999952             1.000048     0.0 -0.000257  0.999795  0.000295             
V2234                             -6.236638e-09   1.000000  0.000025       -0.000049        0.000049             0.999951             1.000049     0.0 -0.000248  0.999802  0.000286             
V12143                            -6.469466e-09   1.000000  0.000033       -0.000065        0.000065             0.999935             1.000065     0.0 -0.000195  0.999844  0.000225             
V20899                            -6.819825e-09   1.000000  0.000086       -0.000168        0.000168             0.999832             1.000168     0.0 -0.000079  0.999937  0.000091             
V10051                            -6.919861e-09   1.000000  0.000086       -0.000170        0.000170             0.999830             1.000170     0.0 -0.000080  0.999936  0.000092             
V15343                            -6.953701e-09   1.000000  0.000045       -0.000088        0.000088             0.999912             1.000088     0.0 -0.000155  0.999876  0.000179             
V9669                             -7.651879e-09   1.000000  0.000098       -0.000191        0.000191             0.999809             1.000191     0.0 -0.000078  0.999937  0.000090             
V290                              -8.014118e-09   1.000000  0.000059       -0.000115        0.000115             0.999885             1.000115     0.0 -0.000136  0.999891  0.000157             
V1360                             -8.022365e-09   1.000000  0.000059       -0.000117        0.000117             0.999883             1.000117     0.0 -0.000135  0.999892  0.000155             
V18375                            -8.390541e-09   1.000000  0.000060       -0.000119        0.000119             0.999881             1.000119     0.0 -0.000139  0.999889  0.000160             
V16307                            -8.422792e-09   1.000000  0.000043       -0.000085        0.000085             0.999915             1.000085     0.0 -0.000195  0.999845  0.000224             
V14883                            -8.478235e-09   1.000000  0.000056       -0.000111        0.000111             0.999889             1.000111     0.0 -0.000150  0.999880  0.000173             
V15675                            -8.487898e-09   1.000000  0.000063       -0.000123        0.000123             0.999877             1.000123     0.0 -0.000135  0.999892  0.000156             
V20118                            -8.616597e-09   1.000000  0.000036       -0.000070        0.000070             0.999930             1.000070     0.0 -0.000241  0.999808  0.000277             
V13296                            -8.664259e-09   1.000000  0.000048       -0.000095        0.000095             0.999905             1.000095     0.0 -0.000179  0.999857  0.000206             
V13975                            -8.690309e-09   1.000000  0.000105       -0.000206        0.000206             0.999794             1.000206     0.0 -0.000083  0.999934  0.000095             
V7547                             -8.933855e-09   1.000000  0.000098       -0.000192        0.000192             0.999808             1.000192     0.0 -0.000091  0.999927  0.000105             
V13589                            -9.130924e-09   1.000000  0.000053       -0.000103        0.000103             0.999897             1.000103     0.0 -0.000173  0.999862  0.000199             
V15192                            -9.199908e-09   1.000000  0.000056       -0.000110        0.000110             0.999890             1.000110     0.0 -0.000163  0.999870  0.000188             
V17540                            -9.504639e-09   1.000000  0.000054       -0.000106        0.000106             0.999894             1.000106     0.0 -0.000176  0.999860  0.000203             
V13993                            -9.763451e-09   1.000000  0.000025       -0.000048        0.000048             0.999952             1.000048     0.0 -0.000395  0.999685  0.000454             
V13888                            -1.003456e-08   1.000000  0.000105       -0.000205        0.000205             0.999795             1.000205     0.0 -0.000096  0.999924  0.000110             
V862                              -1.019996e-08   1.000000  0.000219       -0.000429        0.000429             0.999571             1.000429     0.0 -0.000047  0.999963  0.000054             
V9949                             -1.104180e-08   1.000000  0.000067       -0.000132        0.000132             0.999868             1.000132     0.0 -0.000164  0.999869  0.000188             
V13925                            -1.224832e-08   1.000000  0.000049       -0.000095        0.000095             0.999905             1.000095     0.0 -0.000251  0.999799  0.000289             
V21086                            -1.288851e-08   1.000000  0.000073       -0.000143        0.000142             0.999857             1.000143     0.0 -0.000177  0.999859  0.000204             
V19633                            -1.293615e-08   1.000000  0.000052       -0.000102        0.000102             0.999898             1.000102     0.0 -0.000249  0.999801  0.000286             
V13636                            -1.313348e-08   1.000000  0.000035       -0.000069        0.000069             0.999931             1.000069     0.0 -0.000374  0.999701  0.000431             
V3652                             -1.351867e-08   1.000000  0.000040       -0.000078        0.000078             0.999922             1.000078     0.0 -0.000342  0.999727  0.000394             
V2698                             -1.368567e-08   1.000000  0.000070       -0.000137        0.000137             0.999863             1.000137     0.0 -0.000196  0.999843  0.000226             
V4121                             -1.375596e-08   1.000000  0.000084       -0.000164        0.000164             0.999836             1.000164     0.0 -0.000164  0.999869  0.000189             
V5392                             -1.377083e-08   1.000000  0.000083       -0.000162        0.000162             0.999838             1.000162     0.0 -0.000167  0.999867  0.000192             
V1613                             -1.382446e-08   1.000000  0.000139       -0.000272        0.000272             0.999728             1.000272     0.0 -0.000100  0.999921  0.000115             
V19585                            -1.410840e-08   1.000000  0.000060       -0.000119        0.000119             0.999881             1.000119     0.0 -0.000233  0.999814  0.000269             
V5362                             -1.433510e-08   1.000000  0.000075       -0.000147        0.000147             0.999853             1.000147     0.0 -0.000191  0.999848  0.000220             
V5067                             -1.468326e-08   1.000000  0.000054       -0.000106        0.000106             0.999894             1.000106     0.0 -0.000271  0.999784  0.000312             
V9716                             -1.476822e-08   1.000000  0.000077       -0.000150        0.000150             0.999850             1.000150     0.0 -0.000193  0.999846  0.000222             
V11640                            -1.482937e-08   1.000000  0.000170       -0.000333        0.000333             0.999667             1.000333     0.0 -0.000087  0.999930  0.000101             
V8594                             -1.491339e-08   1.000000  0.000129       -0.000253        0.000253             0.999747             1.000253     0.0 -0.000115  0.999908  0.000133             
V5475                             -1.495852e-08   1.000000  0.000075       -0.000146        0.000146             0.999854             1.000146     0.0 -0.000201  0.999840  0.000231             
V7665                             -1.546300e-08   1.000000  0.000131       -0.000257        0.000257             0.999743             1.000257     0.0 -0.000118  0.999906  0.000136             
V4710                             -1.563669e-08   1.000000  0.000119       -0.000234        0.000234             0.999766             1.000234     0.0 -0.000131  0.999895  0.000151             
V1989                             -1.579218e-08   1.000000  0.000148       -0.000290        0.000290             0.999710             1.000290     0.0 -0.000107  0.999915  0.000123             
V57                               -1.598230e-08   1.000000  0.000087       -0.000171        0.000171             0.999829             1.000171     0.0 -0.000184  0.999853  0.000211             
V18923                            -1.668115e-08   1.000000  0.000074       -0.000145        0.000145             0.999855             1.000145     0.0 -0.000225  0.999821  0.000259             
V16649                            -1.691341e-08   1.000000  0.000077       -0.000151        0.000151             0.999849             1.000151     0.0 -0.000219  0.999825  0.000252             
V13702                            -1.791537e-08   1.000000  0.000057       -0.000111        0.000111             0.999889             1.000111     0.0 -0.000316  0.999748  0.000364             
V9790                             -1.821633e-08   1.000000  0.000225       -0.000441        0.000441             0.999559             1.000441     0.0 -0.000081  0.999935  0.000093             
V9612                             -1.941561e-08   1.000000  0.000139       -0.000272        0.000272             0.999728             1.000272     0.0 -0.000140  0.999888  0.000161             
V13215                            -1.990094e-08   1.000000  0.000160       -0.000314        0.000314             0.999686             1.000314     0.0 -0.000124  0.999901  0.000143             
V19034                            -2.005348e-08   1.000000  0.000067       -0.000130        0.000130             0.999870             1.000130     0.0 -0.000302  0.999759  0.000347             
V15412                            -2.022943e-08   1.000000  0.000085       -0.000167        0.000167             0.999833             1.000167     0.0 -0.000237  0.999811  0.000273             
V11462                            -2.045325e-08   1.000000  0.000142       -0.000278        0.000278             0.999722             1.000278     0.0 -0.000144  0.999885  0.000166             
V7198                             -2.059752e-08   1.000000  0.000045       -0.000089        0.000089             0.999911             1.000089     0.0 -0.000455  0.999637  0.000523             
V3412                             -2.065018e-08   1.000000  0.000142       -0.000278        0.000278             0.999722             1.000278     0.0 -0.000146  0.999884  0.000168             
V2982                             -2.067357e-08   1.000000  0.000116       -0.000227        0.000227             0.999773             1.000227     0.0 -0.000179  0.999858  0.000206             
V10476                            -2.068727e-08   1.000000  0.000125       -0.000244        0.000244             0.999756             1.000244     0.0 -0.000166  0.999867  0.000191             
V14979                            -2.085799e-08   1.000000  0.000125       -0.000246        0.000246             0.999754             1.000246     0.0 -0.000166  0.999867  0.000192             
V19617                            -2.130412e-08   1.000000  0.000054       -0.000106        0.000106             0.999894             1.000106     0.0 -0.000394  0.999686  0.000453             
V16622                            -2.300268e-08   1.000000  0.000088       -0.000172        0.000172             0.999828             1.000172     0.0 -0.000262  0.999791  0.000302             
V6863                             -2.338275e-08   1.000000  0.000080       -0.000157        0.000157             0.999843             1.000157     0.0 -0.000292  0.999767  0.000336             
V16570                            -2.342611e-08   1.000000  0.000062       -0.000121        0.000121             0.999879             1.000121     0.0 -0.000379  0.999697  0.000437             
V10244                            -2.400820e-08   1.000000  0.000188       -0.000369        0.000369             0.999631             1.000369     0.0 -0.000128  0.999898  0.000147             
V8807                             -2.471373e-08   1.000000  0.000143       -0.000280        0.000280             0.999720             1.000280     0.0 -0.000173  0.999862  0.000199             
V16650                            -2.763617e-08   1.000000  0.000073       -0.000143        0.000143             0.999857             1.000143     0.0 -0.000379  0.999697  0.000437             
V16899                            -2.803558e-08   1.000000  0.000115       -0.000226        0.000226             0.999774             1.000226     0.0 -0.000243  0.999806  0.000280             
V20596                            -2.823077e-08   1.000000  0.000074       -0.000145        0.000145             0.999855             1.000145     0.0 -0.000381  0.999696  0.000439             
V7495                             -2.862975e-08   1.000000  0.000083       -0.000163        0.000163             0.999837             1.000163     0.0 -0.000344  0.999725  0.000396             
V19203                            -2.879291e-08   1.000000  0.000125       -0.000246        0.000246             0.999754             1.000246     0.0 -0.000229  0.999817  0.000264             
V19452                            -2.888384e-08   1.000000  0.000099       -0.000194        0.000194             0.999806             1.000194     0.0 -0.000292  0.999767  0.000336             
V4133                             -2.922701e-08   1.000000  0.000075       -0.000148        0.000148             0.999852             1.000148     0.0 -0.000388  0.999690  0.000447             
V13825                            -3.021116e-08   1.000000  0.000119       -0.000233        0.000233             0.999767             1.000233     0.0 -0.000254  0.999797  0.000293             
V16688                            -3.029510e-08   1.000000  0.000249       -0.000488        0.000488             0.999512             1.000489     0.0 -0.000122  0.999903  0.000140             
V2068                             -3.114126e-08   1.000000  0.000142       -0.000277        0.000277             0.999723             1.000277     0.0 -0.000220  0.999824  0.000253             
V18265                            -3.139260e-08   1.000000  0.000095       -0.000187        0.000187             0.999813             1.000187     0.0 -0.000329  0.999737  0.000379             
V13078                            -3.204281e-08   1.000000  0.000093       -0.000182        0.000182             0.999818             1.000182     0.0 -0.000346  0.999724  0.000398             
V10617                            -3.360012e-08   1.000000  0.000083       -0.000162        0.000162             0.999838             1.000162     0.0 -0.000406  0.999676  0.000467             
V6475                             -3.366575e-08   1.000000  0.000116       -0.000227        0.000227             0.999773             1.000227     0.0 -0.000290  0.999768  0.000334             
V19997                            -3.373055e-08   1.000000  0.000209       -0.000410        0.000410             0.999590             1.000410     0.0 -0.000161  0.999871  0.000185             
V15076                            -3.425036e-08   1.000000  0.000134       -0.000262        0.000262             0.999738             1.000262     0.0 -0.000256  0.999795  0.000295             
V15944                            -3.441432e-08   1.000000  0.000091       -0.000178        0.000177             0.999823             1.000177     0.0 -0.000380  0.999697  0.000438             
V1625                             -3.460061e-08   1.000000  0.000077       -0.000151        0.000151             0.999849             1.000151     0.0 -0.000449  0.999641  0.000517             
V11437                            -3.537208e-08   1.000000  0.000080       -0.000157        0.000157             0.999843             1.000157     0.0 -0.000440  0.999649  0.000507             
V16763                            -3.550670e-08   1.000000  0.000116       -0.000228        0.000228             0.999772             1.000228     0.0 -0.000305  0.999756  0.000352             
V3787                             -3.569746e-08   1.000000  0.000105       -0.000205        0.000205             0.999795             1.000205     0.0 -0.000341  0.999728  0.000393             
V323                              -3.609316e-08   1.000000  0.000112       -0.000219        0.000219             0.999781             1.000219     0.0 -0.000323  0.999742  0.000372             
V7342                             -3.656600e-08   1.000000  0.000185       -0.000362        0.000362             0.999638             1.000362     0.0 -0.000198  0.999842  0.000228             
V15060                            -3.688605e-08   1.000000  0.000081       -0.000159        0.000159             0.999841             1.000159     0.0 -0.000453  0.999638  0.000522             
V4189                             -3.693926e-08   1.000000  0.000087       -0.000170        0.000170             0.999830             1.000170     0.0 -0.000425  0.999661  0.000490             
V12277                            -3.740723e-08   1.000000  0.000090       -0.000177        0.000177             0.999823             1.000177     0.0 -0.000415  0.999669  0.000478             
V2179                             -3.760129e-08   1.000000  0.000129       -0.000253        0.000253             0.999747             1.000253     0.0 -0.000292  0.999767  0.000336             
V20126                            -3.781949e-08   1.000000  0.000103       -0.000201        0.000201             0.999799             1.000201     0.0 -0.000369  0.999706  0.000425             
V18593                            -3.910103e-08   1.000000  0.000093       -0.000183        0.000183             0.999817             1.000183     0.0 -0.000418  0.999666  0.000482             
V18954                            -3.966369e-08   1.000000  0.000103       -0.000203        0.000202             0.999798             1.000202     0.0 -0.000384  0.999694  0.000442             
V2010                             -4.122306e-08   1.000000  0.000101       -0.000197        0.000197             0.999803             1.000197     0.0 -0.000410  0.999673  0.000472             
V14625                            -4.299678e-08   1.000000  0.000107       -0.000209        0.000209             0.999791             1.000209     0.0 -0.000403  0.999678  0.000465             
V15047                            -4.318499e-08   1.000000  0.000118       -0.000231        0.000231             0.999769             1.000231     0.0 -0.000367  0.999707  0.000422             
V5291                             -4.384887e-08   1.000000  0.000177       -0.000347        0.000347             0.999653             1.000347     0.0 -0.000248  0.999802  0.000285             
V6523                             -4.642603e-08   1.000000  0.000192       -0.000376        0.000376             0.999624             1.000376     0.0 -0.000242  0.999807  0.000278             
V17846                            -4.821879e-08   1.000000  0.000108       -0.000211        0.000211             0.999789             1.000211     0.0 -0.000448  0.999642  0.000516             
V8066                             -5.165685e-08   1.000000  0.000128       -0.000250        0.000250             0.999750             1.000250     0.0 -0.000405  0.999677  0.000466             
Race_Unknown                      -5.300986e-08   1.000000  0.000124       -0.000243        0.000243             0.999757             1.000243     0.0 -0.000428  0.999658  0.000493             
V20165                            -5.421360e-08   1.000000  0.000128       -0.000251        0.000251             0.999749             1.000251     0.0 -0.000423  0.999662  0.000487             
V13365                            -5.466216e-08   1.000000  0.000126       -0.000247        0.000246             0.999754             1.000246     0.0 -0.000435  0.999653  0.000500             
V18549                            -5.522023e-08   1.000000  0.000180       -0.000352        0.000352             0.999648             1.000352     0.0 -0.000307  0.999755  0.000354             
V9833                             -5.588315e-08   1.000000  0.000227       -0.000444        0.000444             0.999556             1.000444     0.0 -0.000247  0.999803  0.000284             
V21331                            -5.659705e-08   1.000000  0.000150       -0.000293        0.000293             0.999707             1.000293     0.0 -0.000378  0.999698  0.000436             
V3316                             -5.813307e-08   1.000000  0.000130       -0.000255        0.000255             0.999745             1.000255     0.0 -0.000447  0.999643  0.000515             
V13915                            -5.840270e-08   1.000000  0.000132       -0.000259        0.000259             0.999741             1.000259     0.0 -0.000442  0.999648  0.000508             
V9031                             -5.958402e-08   1.000000  0.000136       -0.000267        0.000267             0.999733             1.000267     0.0 -0.000438  0.999651  0.000504             
V17595                            -6.038797e-08   1.000000  0.000163       -0.000320        0.000320             0.999680             1.000320     0.0 -0.000370  0.999705  0.000426             
V3936                             -6.088104e-08   1.000000  0.000164       -0.000321        0.000321             0.999679             1.000321     0.0 -0.000372  0.999704  0.000428             
V11971                            -6.284953e-08   1.000000  0.000138       -0.000271        0.000271             0.999729             1.000271     0.0 -0.000454  0.999637  0.000523             
V9825                             -6.288240e-08   1.000000  0.000164       -0.000321        0.000321             0.999679             1.000321     0.0 -0.000384  0.999693  0.000442             
V14280                            -6.366231e-08   1.000000  0.000183       -0.000359        0.000359             0.999641             1.000359     0.0 -0.000348  0.999723  0.000400             
V3836                             -6.505252e-08   1.000000  0.000233       -0.000457        0.000457             0.999543             1.000457     0.0 -0.000279  0.999777  0.000321             
V10236                            -6.773382e-08   1.000000  0.000282       -0.000554        0.000553             0.999447             1.000554     0.0 -0.000240  0.999809  0.000276             
V9881                             -7.255681e-08   1.000000  0.000190       -0.000372        0.000372             0.999628             1.000372     0.0 -0.000382  0.999695  0.000440             
V16703                            -7.258345e-08   1.000000  0.000178       -0.000348        0.000348             0.999652             1.000348     0.0 -0.000408  0.999674  0.000470             
V10036                            -7.299446e-08   1.000000  0.000203       -0.000398        0.000398             0.999602             1.000398     0.0 -0.000359  0.999713  0.000414             
V11699                            -7.325022e-08   1.000000  0.000171       -0.000334        0.000334             0.999666             1.000334     0.0 -0.000429  0.999657  0.000494             
V20611                            -7.337843e-08   1.000000  0.000167       -0.000327        0.000327             0.999673             1.000327     0.0 -0.000439  0.999649  0.000506             
V8272                             -8.269439e-08   1.000000  0.000234       -0.000458        0.000458             0.999542             1.000458     0.0 -0.000354  0.999718  0.000407             
V6923                             -8.321917e-08   1.000000  0.000235       -0.000462        0.000461             0.999539             1.000461     0.0 -0.000353  0.999718  0.000407             
V6554                             -8.357006e-08   1.000000  0.000221       -0.000433        0.000433             0.999567             1.000433     0.0 -0.000378  0.999698  0.000436             
V16020                            -8.650036e-08   1.000000  0.000201       -0.000394        0.000394             0.999606             1.000394     0.0 -0.000431  0.999656  0.000496             
V6538                             -8.673093e-08   1.000000  0.000193       -0.000379        0.000378             0.999621             1.000379     0.0 -0.000449  0.999642  0.000517             
V2457                             -8.708606e-08   1.000000  0.000231       -0.000452        0.000452             0.999548             1.000452     0.0 -0.000377  0.999699  0.000434             
V14605                            -8.751349e-08   1.000000  0.000201       -0.000394        0.000394             0.999606             1.000394     0.0 -0.000435  0.999653  0.000501             
V15902                            -8.789338e-08   1.000000  0.000210       -0.000412        0.000412             0.999588             1.000412     0.0 -0.000418  0.999667  0.000481             
V6772                             -9.420671e-08   1.000000  0.000233       -0.000457        0.000457             0.999543             1.000457     0.0 -0.000404  0.999678  0.000465             
V13620                            -9.610094e-08   1.000000  0.000211       -0.000414        0.000414             0.999586             1.000414     0.0 -0.000455  0.999637  0.000524             
V8531                             -9.969692e-08   1.000000  0.000242       -0.000474        0.000473             0.999526             1.000474     0.0 -0.000413  0.999671  0.000475             
V4447                             -9.990747e-08   1.000000  0.000224       -0.000439        0.000439             0.999561             1.000439     0.0 -0.000446  0.999644  0.000514             
V5747                             -1.093789e-07   1.000000  0.000274       -0.000537        0.000537             0.999463             1.000537     0.0 -0.000399  0.999681  0.000460             
V1130                             -1.126997e-07   1.000000  0.000250       -0.000490        0.000490             0.999510             1.000490     0.0 -0.000451  0.999640  0.000519             
V6920                             -1.169150e-07   1.000000  0.000260       -0.000510        0.000510             0.999490             1.000510     0.0 -0.000450  0.999641  0.000518             
V15894                            -1.204906e-07   1.000000  0.000269       -0.000527        0.000527             0.999473             1.000527     0.0 -0.000448  0.999643  0.000516             
V15244                            -1.240342e-07   1.000000  0.000312       -0.000612        0.000612             0.999388             1.000612     0.0 -0.000397  0.999683  0.000457             
V4945                             -1.304417e-07   1.000000  0.000292       -0.000573        0.000573             0.999427             1.000573     0.0 -0.000446  0.999644  0.000514             
V10823                            -1.305988e-07   1.000000  0.000291       -0.000570        0.000570             0.999430             1.000570     0.0 -0.000449  0.999642  0.000517             
V16507                            -1.313015e-07   1.000000  0.000293       -0.000574        0.000573             0.999427             1.000574     0.0 -0.000449  0.999642  0.000517             
V10272                            -1.428495e-07   1.000000  0.000319       -0.000626        0.000625             0.999375             1.000626     0.0 -0.000448  0.999643  0.000515             
V19959                            -1.649372e-07   1.000000  0.000363       -0.000712        0.000712             0.999288             1.000712     0.0 -0.000454  0.999638  0.000523             
V3279                             -1.662329e-07   1.000000  0.000403       -0.000790        0.000790             0.999210             1.000790     0.0 -0.000412  0.999671  0.000475             
V5289                             -1.837937e-07   1.000000  0.000424       -0.000830        0.000830             0.999170             1.000830     0.0 -0.000434  0.999654  0.000500             
V5968                             -1.925079e-07   1.000000  0.000443       -0.000868        0.000867             0.999133             1.000868     0.0 -0.000435  0.999653  0.000501             
V357                              -1.927070e-07   1.000000  0.000424       -0.000832        0.000831             0.999169             1.000831     0.0 -0.000454  0.999637  0.000523             
V12695                            -1.942173e-07   1.000000  0.000851       -0.001668        0.001667             0.998334             1.001669     0.0 -0.000228  0.999818  0.000263             
V14769                            -2.059984e-07   1.000000  0.000521       -0.001022        0.001021             0.998979             1.001022     0.0 -0.000395  0.999685  0.000455             
Stage_I                           -2.137831e-07   1.000000  0.000524       -0.001028        0.001027             0.998973             1.001028     0.0 -0.000408  0.999675  0.000470             
V10870                            -2.143086e-07   1.000000  0.000475       -0.000932        0.000931             0.999069             1.000932     0.0 -0.000451  0.999640  0.000519             
Race_White                        -2.702967e-07   1.000000  0.000701       -0.001374        0.001374             0.998627             1.001375     0.0 -0.000386  0.999692  0.000444             
V18913                            -2.877934e-07   1.000000  0.001134       -0.002224        0.002223             0.997779             1.002226     0.0 -0.000254  0.999798  0.000292             
V7280                             -3.231483e-07   1.000000  0.000813       -0.001593        0.001592             0.998408             1.001594     0.0 -0.000398  0.999683  0.000458             
V2149                             -3.929649e-07   1.000000  0.001036       -0.002032        0.002031             0.997970             1.002033     0.0 -0.000379  0.999697  0.000437             
Histology_Adenocarcinoma          -3.754009e-03   0.996253  0.222822       -0.440477        0.432969             0.643729             1.541829     0.0 -0.016848  0.986558  0.019524             
V2731                             -4.402708e-03   0.995607  0.109456       -0.218932        0.210127             0.803376             1.233835     0.0 -0.040224  0.967915  0.047048             
V16800                            -9.194213e-03   0.990848  0.173874       -0.349981        0.331593             0.704701             1.393185     0.0 -0.052879  0.957829  0.062160             
V6532                             -9.219088e-03   0.990823  0.149403       -0.302044        0.283606             0.739305             1.327910     0.0 -0.061706  0.950797  0.072791             
V12841                            -9.624211e-03   0.990422  0.410112       -0.813429        0.794181             0.443335             2.212628     0.0 -0.023467  0.981278  0.027267             
V17655                            -1.103493e-02   0.989026  0.315827       -0.630045        0.607975             0.532568             1.836709     0.0 -0.034940  0.972128  0.040782             
V3381                             -1.359123e-02   0.986501  0.341316       -0.682559        0.655376             0.505322             1.925867     0.0 -0.039820  0.968237  0.046568             
V9585                             -3.657342e-02   0.964087  0.429598       -0.878570        0.805424             0.415376             2.237644     0.0 -0.085134  0.932155  0.101358             
V16774                            -4.301018e-02   0.957902  0.280500       -0.592781        0.506760             0.552788             1.659905     0.0 -0.153334  0.878135  0.187485             
V18767                            -5.814117e-02   0.943517  0.108675       -0.271140        0.154858             0.762509             1.167492     0.0 -0.535000  0.592650  0.754748             
V14393                            -5.932903e-02   0.942397  0.247788       -0.544985        0.426327             0.579850             1.531622     0.0 -0.239434  0.810769  0.302638             
V9161                             -8.232486e-02   0.920973  0.134282       -0.345512        0.180862             0.707858             1.198250     0.0 -0.613076  0.539826  0.889434             
V3015                             -1.031951e-01   0.901951  0.683513       -1.442857        1.236466             0.236252             3.443424     0.0 -0.150977  0.879994  0.184435             
V8491                             -1.144553e-01   0.891852  0.197554       -0.501655        0.272744             0.605528             1.313564     0.0 -0.579360  0.562346  0.830470             
Stage_IA                          -4.097382e-01   0.663824  0.175288       -0.753297       -0.066180             0.470812             0.935962     0.0 -2.337513  0.019413  5.686870            *

Model metrics: -535.9543
0.7908

Train Concordance = 0.791
Concordance on test set = 0.575
Partial AIC = 1903.909
log-likelihood ratio test = 12.329 on 416 df
-log2(p) of ll-ratio test = -0.000