                                           coef  exp(coef)  se(coef)  coef lower 95%  coef upper 95%  exp(coef) lower 95%  exp(coef) upper 95%  cmp to             z         p      -log2(p) significance
covariate                                                                                                                                                                                                
Stage_IIIA                         2.958514e-01   1.344270  0.725635       -1.126367        1.718070             0.324209             5.573759     0.0  4.077139e-01  0.683484  5.490210e-01             
V16002                             1.148855e-01   1.121745  0.229635       -0.335190        0.564961             0.715202             1.759380     0.0  5.002969e-01  0.616866  6.969709e-01             
Stage_IIB                          9.309559e-02   1.097567  0.244348       -0.385818        0.572009             0.679894             1.771824     0.0  3.809956e-01  0.703207  5.079797e-01             
V4652                              7.998161e-02   1.083267  0.185512       -0.283615        0.443578             0.753057             1.558273     0.0  4.311402e-01  0.666366  5.856124e-01             
Smoked?                            4.900839e-02   1.050229  0.179981       -0.303748        0.401764             0.738047             1.494459     0.0  2.722977e-01  0.785393  3.485132e-01             
Sex                                4.335080e-02   1.044304  0.161905       -0.273978        0.360680             0.760349             1.434304     0.0  2.677539e-01  0.788889  3.421062e-01             
Age                                3.416950e-03   1.003423  0.008532       -0.013306        0.020140             0.986783             1.020344     0.0  4.004830e-01  0.688801  5.378413e-01             
Histology_Large Cell Carcinoma     3.088573e-07   1.000000  0.000522       -0.001024        0.001024             0.998977             1.001025     0.0  5.912194e-04  0.999528  6.807156e-04             
Adjuvant Chemo                     2.691180e-07   1.000000  0.000561       -0.001099        0.001100             0.998902             1.001100     0.0  4.798168e-04  0.999617  5.524248e-04             
Stage_IIIB                         2.662205e-07   1.000000  0.000451       -0.000883        0.000884             0.999117             1.000884     0.0  5.907237e-04  0.999529  6.801447e-04             
V17158                             2.090501e-07   1.000000  0.000356       -0.000697        0.000697             0.999303             1.000698     0.0  5.878030e-04  0.999531  6.767812e-04             
V10393                             1.951372e-07   1.000000  0.000396       -0.000776        0.000776             0.999224             1.000777     0.0  4.928472e-04  0.999607  5.674300e-04             
Stage_IIA                          1.608810e-07   1.000000  0.000368       -0.000720        0.000721             0.999280             1.000721     0.0  4.376849e-04  0.999651  5.039088e-04             
V4904                              1.589585e-07   1.000000  0.000316       -0.000619        0.000619             0.999381             1.000619     0.0  5.032411e-04  0.999598  5.793992e-04             
Race_Caucasian                     1.575218e-07   1.000000  0.000270       -0.000530        0.000530             0.999470             1.000530     0.0  5.826354e-04  0.999535  6.708299e-04             
V10147                             1.533379e-07   1.000000  0.000273       -0.000535        0.000535             0.999465             1.000536     0.0  5.614741e-04  0.999552  6.464599e-04             
V13767                             1.508542e-07   1.000000  0.000287       -0.000563        0.000563             0.999437             1.000563     0.0  5.253322e-04  0.999581  6.048388e-04             
V4281                              1.384606e-07   1.000000  0.000336       -0.000658        0.000659             0.999342             1.000659     0.0  4.121462e-04  0.999671  4.745012e-04             
V8721                              1.375714e-07   1.000000  0.000241       -0.000472        0.000472             0.999528             1.000472     0.0  5.710293e-04  0.999544  6.574639e-04             
V12352                             1.324436e-07   1.000000  0.000293       -0.000574        0.000574             0.999426             1.000574     0.0  4.523802e-04  0.999639  5.208307e-04             
V12279                             1.299329e-07   1.000000  0.000220       -0.000431        0.000431             0.999569             1.000431     0.0  5.912382e-04  0.999528  6.807372e-04             
V39                                1.207392e-07   1.000000  0.000236       -0.000462        0.000462             0.999538             1.000463     0.0  5.118257e-04  0.999592  5.892850e-04             
V4336                              1.131821e-07   1.000000  0.000232       -0.000455        0.000456             0.999545             1.000456     0.0  4.871206e-04  0.999611  5.608354e-04             
Stage_II                           1.059820e-07   1.000000  0.000184       -0.000361        0.000362             0.999639             1.000362     0.0  5.747561e-04  0.999541  6.617558e-04             
V3918                              9.839371e-08   1.000000  0.000223       -0.000437        0.000437             0.999563             1.000437     0.0  4.415914e-04  0.999648  5.084072e-04             
V1278                              9.785683e-08   1.000000  0.000217       -0.000425        0.000425             0.999575             1.000425     0.0  4.513105e-04  0.999640  5.195989e-04             
V17687                             9.254930e-08   1.000000  0.000268       -0.000525        0.000526             0.999475             1.000526     0.0  3.452003e-04  0.999725  3.974162e-04             
Histology_Squamous Cell Carcinoma  9.129472e-08   1.000000  0.000166       -0.000325        0.000325             0.999675             1.000325     0.0  5.500226e-04  0.999561  6.332722e-04             
V16606                             8.969059e-08   1.000000  0.000159       -0.000312        0.000312             0.999688             1.000312     0.0  5.638567e-04  0.999550  6.492038e-04             
V20976                             8.571470e-08   1.000000  0.000146       -0.000286        0.000287             0.999714             1.000287     0.0  5.862066e-04  0.999532  6.749426e-04             
V12052                             8.351098e-08   1.000000  0.000142       -0.000279        0.000279             0.999721             1.000279     0.0  5.868742e-04  0.999532  6.757114e-04             
V4686                              8.172827e-08   1.000000  0.000148       -0.000290        0.000290             0.999710             1.000290     0.0  5.519340e-04  0.999560  6.354733e-04             
V21280                             8.169119e-08   1.000000  0.000141       -0.000276        0.000276             0.999724             1.000276     0.0  5.797306e-04  0.999537  6.674847e-04             
V9204                              7.244209e-08   1.000000  0.000255       -0.000499        0.000499             0.999501             1.000499     0.0  2.845300e-04  0.999773  3.275609e-04             
V10358                             6.831296e-08   1.000000  0.000258       -0.000505        0.000505             0.999495             1.000506     0.0  2.649560e-04  0.999789  3.050242e-04             
V6967                              6.786079e-08   1.000000  0.000122       -0.000240        0.000240             0.999760             1.000240     0.0  5.550614e-04  0.999557  6.390750e-04             
V8485                              6.503688e-08   1.000000  0.000167       -0.000328        0.000328             0.999672             1.000328     0.0  3.887654e-04  0.999690  4.475789e-04             
V10299                             6.457717e-08   1.000000  0.000132       -0.000259        0.000259             0.999741             1.000259     0.0  4.881621e-04  0.999611  5.620349e-04             
V1516                              6.333735e-08   1.000000  0.000143       -0.000279        0.000279             0.999721             1.000279     0.0  4.444359e-04  0.999645  5.116827e-04             
V18946                             6.280933e-08   1.000000  0.000138       -0.000271        0.000271             0.999729             1.000271     0.0  4.542849e-04  0.999638  5.230239e-04             
V7574                              6.247813e-08   1.000000  0.000127       -0.000249        0.000249             0.999751             1.000249     0.0  4.924009e-04  0.999607  5.669160e-04             
V19631                             5.277614e-08   1.000000  0.000103       -0.000203        0.000203             0.999797             1.000203     0.0  5.105388e-04  0.999593  5.878030e-04             
V6276                              5.002536e-08   1.000000  0.000089       -0.000175        0.000175             0.999825             1.000175     0.0  5.592028e-04  0.999554  6.438443e-04             
V17864                             4.847666e-08   1.000000  0.000084       -0.000164        0.000164             0.999836             1.000164     0.0  5.779563e-04  0.999539  6.654413e-04             
V16536                             4.839901e-08   1.000000  0.000135       -0.000265        0.000265             0.999735             1.000265     0.0  3.575951e-04  0.999715  4.116879e-04             
V8208                              4.710267e-08   1.000000  0.000086       -0.000169        0.000169             0.999831             1.000169     0.0  5.464013e-04  0.999564  6.291018e-04             
V1884                              4.650379e-08   1.000000  0.000096       -0.000189        0.000189             0.999811             1.000189     0.0  4.828451e-04  0.999615  5.559121e-04             
V16090                             4.426287e-08   1.000000  0.000152       -0.000297        0.000297             0.999703             1.000298     0.0  2.916860e-04  0.999767  3.358001e-04             
V12948                             3.561585e-08   1.000000  0.000185       -0.000362        0.000362             0.999638             1.000362     0.0  1.928971e-04  0.999846  2.220617e-04             
V18574                             3.202287e-08   1.000000  0.000148       -0.000289        0.000289             0.999711             1.000289     0.0  2.170646e-04  0.999827  2.498855e-04             
V17877                             3.148283e-08   1.000000  0.000073       -0.000143        0.000143             0.999857             1.000143     0.0  4.326758e-04  0.999655  4.981409e-04             
V5844                              3.122755e-08   1.000000  0.000100       -0.000197        0.000197             0.999803             1.000197     0.0  3.107274e-04  0.999752  3.577240e-04             
V11084                             2.945953e-08   1.000000  0.000050       -0.000099        0.000099             0.999901             1.000099     0.0  5.847943e-04  0.999533  6.733161e-04             
V13                                2.944185e-08   1.000000  0.000177       -0.000347        0.000347             0.999653             1.000347     0.0  1.661992e-04  0.999867  1.913253e-04             
V6557                              2.718119e-08   1.000000  0.000051       -0.000100        0.000100             0.999900             1.000100     0.0  5.345762e-04  0.999573  6.154841e-04             
V7221                              2.368184e-08   1.000000  0.000121       -0.000237        0.000237             0.999763             1.000237     0.0  1.956022e-04  0.999844  2.251761e-04             
V9223                              2.306788e-08   1.000000  0.000170       -0.000332        0.000332             0.999668             1.000332     0.0  1.360757e-04  0.999891  1.566458e-04             
V11050                             2.285260e-08   1.000000  0.000226       -0.000443        0.000443             0.999557             1.000443     0.0  1.011231e-04  0.999919  1.164080e-04             
V11939                             2.186225e-08   1.000000  0.000072       -0.000141        0.000141             0.999859             1.000141     0.0  3.030664e-04  0.999758  3.489032e-04             
V8775                              2.094359e-08   1.000000  0.000073       -0.000142        0.000142             0.999858             1.000142     0.0  2.885495e-04  0.999770  3.321887e-04             
V3661                              2.062784e-08   1.000000  0.000166       -0.000324        0.000325             0.999676             1.000325     0.0  1.245832e-04  0.999901  1.434154e-04             
V17728                             1.956444e-08   1.000000  0.000047       -0.000092        0.000092             0.999908             1.000092     0.0  4.168305e-04  0.999667  4.798951e-04             
V4083                              1.809829e-08   1.000000  0.000163       -0.000319        0.000319             0.999681             1.000319     0.0  1.110914e-04  0.999911  1.278834e-04             
V8260                              1.553956e-08   1.000000  0.000055       -0.000107        0.000107             0.999893             1.000107     0.0  2.844036e-04  0.999773  3.274153e-04             
V2240                              9.237656e-09   1.000000  0.000143       -0.000280        0.000280             0.999720             1.000280     0.0  6.466616e-05  0.999948  7.443941e-05             
Stage_IB                           6.509828e-09   1.000000  0.000086       -0.000168        0.000168             0.999832             1.000168     0.0  7.588124e-05  0.999939  8.734985e-05             
V4736                              4.557068e-09   1.000000  0.000025       -0.000049        0.000049             0.999951             1.000049     0.0  1.819070e-04  0.999855  2.094091e-04             
V14913                             4.177850e-09   1.000000  0.000102       -0.000200        0.000200             0.999800             1.000200     0.0  4.099950e-05  0.999967  4.719547e-05             
V16555                             2.174534e-09   1.000000  0.000046       -0.000090        0.000090             0.999910             1.000090     0.0  4.723830e-05  0.999962  5.437723e-05             
V14296                             3.317998e-11   1.000000  0.000090       -0.000176        0.000176             0.999824             1.000176     0.0  3.686795e-07  1.000000  4.243886e-07             
V12374                            -2.102365e-09   1.000000  0.000066       -0.000129        0.000129             0.999871             1.000129     0.0 -3.186573e-05  0.999975  3.668124e-05             
V14426                            -5.362730e-09   1.000000  0.000115       -0.000225        0.000225             0.999776             1.000225     0.0 -4.681685e-05  0.999963  5.389208e-05             
V2159                             -6.652290e-09   1.000000  0.000024       -0.000047        0.000047             0.999953             1.000047     0.0 -2.791240e-04  0.999777  3.213366e-04             
V751                              -7.331565e-09   1.000000  0.000215       -0.000421        0.000421             0.999579             1.000421     0.0 -3.416086e-05  0.999973  3.932325e-05             
V1632                             -7.849272e-09   1.000000  0.000092       -0.000181        0.000181             0.999819             1.000181     0.0 -8.499539e-05  0.999932  9.784186e-05             
V15192                            -9.758163e-09   1.000000  0.000072       -0.000141        0.000141             0.999859             1.000141     0.0 -1.357618e-04  0.999892  1.562844e-04             
V16975                            -1.033656e-08   1.000000  0.000043       -0.000085        0.000085             0.999915             1.000085     0.0 -2.393886e-04  0.999809  2.755875e-04             
V290                              -1.143621e-08   1.000000  0.000076       -0.000149        0.000149             0.999851             1.000149     0.0 -1.502908e-04  0.999880  1.730108e-04             
V10921                            -1.592109e-08   1.000000  0.000135       -0.000265        0.000265             0.999735             1.000265     0.0 -1.178768e-04  0.999906  1.356948e-04             
V13296                            -2.390203e-08   1.000000  0.000067       -0.000131        0.000131             0.999869             1.000131     0.0 -3.580372e-04  0.999714  4.121970e-04             
V13589                            -2.404595e-08   1.000000  0.000072       -0.000141        0.000141             0.999859             1.000141     0.0 -3.345117e-04  0.999733  3.851092e-04             
V16649                            -3.479590e-08   1.000000  0.000103       -0.000202        0.000202             0.999798             1.000202     0.0 -3.378863e-04  0.999730  3.889947e-04             
V1989                             -3.544226e-08   1.000000  0.000194       -0.000381        0.000381             0.999619             1.000381     0.0 -1.825414e-04  0.999854  2.101395e-04             
V4710                             -3.581146e-08   1.000000  0.000158       -0.000309        0.000309             0.999691             1.000309     0.0 -2.271927e-04  0.999819  2.615461e-04             
V11462                            -3.966244e-08   1.000000  0.000185       -0.000363        0.000363             0.999637             1.000363     0.0 -2.139125e-04  0.999829  2.462566e-04             
V19203                            -4.081716e-08   1.000000  0.000160       -0.000314        0.000314             0.999686             1.000314     0.0 -2.548289e-04  0.999797  2.933645e-04             
V19617                            -4.213818e-08   1.000000  0.000076       -0.000150        0.000150             0.999850             1.000150     0.0 -5.513234e-04  0.999560  6.347702e-04             
V3412                             -5.038289e-08   1.000000  0.000189       -0.000370        0.000370             0.999630             1.000370     0.0 -2.667408e-04  0.999787  3.070791e-04             
V15944                            -5.673242e-08   1.000000  0.000117       -0.000228        0.000228             0.999772             1.000228     0.0 -4.868458e-04  0.999612  5.605190e-04             
V12277                            -5.762089e-08   1.000000  0.000112       -0.000219        0.000219             0.999781             1.000219     0.0 -5.157612e-04  0.999588  5.938170e-04             
V4133                             -5.833404e-08   1.000000  0.000107       -0.000209        0.000209             0.999791             1.000209     0.0 -5.475617e-04  0.999563  6.304382e-04             
V2179                             -6.243905e-08   1.000000  0.000167       -0.000327        0.000327             0.999673             1.000327     0.0 -3.740537e-04  0.999702  4.306390e-04             
V5291                             -6.506600e-08   1.000000  0.000226       -0.000444        0.000444             0.999556             1.000444     0.0 -2.874910e-04  0.999771  3.309701e-04             
V14625                            -7.174498e-08   1.000000  0.000138       -0.000270        0.000270             0.999730             1.000270     0.0 -5.211649e-04  0.999584  6.000398e-04             
V4189                             -7.645918e-08   1.000000  0.000131       -0.000256        0.000256             0.999744             1.000256     0.0 -5.854867e-04  0.999533  6.741136e-04             
V15047                            -8.786356e-08   1.000000  0.000166       -0.000326        0.000326             0.999674             1.000326     0.0 -5.287572e-04  0.999578  6.087829e-04             
Race_Unknown                      -8.934608e-08   1.000000  0.000161       -0.000315        0.000315             0.999685             1.000315     0.0 -5.562725e-04  0.999556  6.404697e-04             
V9825                             -1.133960e-07   1.000000  0.000219       -0.000430        0.000429             0.999571             1.000429     0.0 -5.175430e-04  0.999587  5.958688e-04             
V9881                             -1.223646e-07   1.000000  0.000247       -0.000483        0.000483             0.999517             1.000483     0.0 -4.962261e-04  0.999604  5.713209e-04             
V2457                             -1.629722e-07   1.000000  0.000314       -0.000615        0.000615             0.999385             1.000615     0.0 -5.191763e-04  0.999586  5.977498e-04             
V6772                             -1.712164e-07   1.000000  0.000315       -0.000618        0.000617             0.999382             1.000618     0.0 -5.433076e-04  0.999567  6.255391e-04             
V13620                            -1.824833e-07   1.000000  0.000312       -0.000612        0.000612             0.999388             1.000612     0.0 -5.842580e-04  0.999534  6.726985e-04             
V1130                             -2.169490e-07   1.000000  0.000383       -0.000751        0.000751             0.999249             1.000751     0.0 -5.663756e-04  0.999548  6.521045e-04             
Stage_I                           -3.196640e-07   1.000000  0.000566       -0.001111        0.001110             0.998890             1.001110     0.0 -5.643407e-04  0.999550  6.497611e-04             
Race_White                        -4.635748e-07   1.000000  0.000936       -0.001835        0.001834             0.998167             1.001835     0.0 -4.953434e-04  0.999605  5.703045e-04             
Histology_Adenocarcinoma          -1.040178e-02   0.989652  0.220623       -0.442816        0.422012             0.642226             1.525027     0.0 -4.714720e-02  0.962396  5.529759e-02             
V14393                            -4.889450e-02   0.952282  0.241210       -0.521658        0.423869             0.593536             1.527862     0.0 -2.027048e-01  0.839366  2.526284e-01             
V16774                            -7.227556e-02   0.930275  0.273100       -0.607542        0.462990             0.544688             1.588818     0.0 -2.646488e-01  0.791280  3.377397e-01             
V9585                             -1.158395e-01   0.890618  0.407244       -0.914023        0.682344             0.400908             1.978510     0.0 -2.844476e-01  0.776067  3.657461e-01             
V8491                             -1.283818e-01   0.879517  0.193226       -0.507097        0.250334             0.602241             1.284454     0.0 -6.644139e-01  0.506425  9.815783e-01             
Stage_IA                          -4.251539e-01   0.653669  0.172710       -0.763659       -0.086649             0.465958             0.916999     0.0 -2.461667e+00  0.013829  6.176129e+00            *

Model metrics: -537.2660
0.7677

Train Concordance = 0.768
Concordance on test set = 0.666
Partial AIC = 1296.532
log-likelihood ratio test = 9.705 on 111 df
-log2(p) of ll-ratio test = -0.000