                                           coef  exp(coef)  se(coef)  coef lower 95%  coef upper 95%  exp(coef) lower 95%  exp(coef) upper 95%  cmp to         z         p  -log2(p) significance
covariate                                                                                                                                                                                        
Stage_IIIA                         2.847460e-01   1.329424  0.723045       -1.132395        1.701887             0.322260             5.484288     0.0  0.393815  0.693717  0.527580             
Stage_IIB                          8.747165e-02   1.091411  0.243497       -0.389773        0.564716             0.677210             1.758949     0.0  0.359231  0.719422  0.475090             
Smoked?                            5.038785e-02   1.051679  0.179930       -0.302269        0.403045             0.739139             1.496374     0.0  0.280041  0.779446  0.359479             
Sex                                4.393824e-02   1.044918  0.161453       -0.272504        0.360381             0.761470             1.433875     0.0  0.272142  0.785513  0.348294             
Age                                3.300952e-03   1.003306  0.008516       -0.013391        0.019993             0.986698             1.020194     0.0  0.387598  0.698313  0.518054             
Histology_Large Cell Carcinoma     6.005478e-07   1.000001  0.000791       -0.001550        0.001552             0.998451             1.001553     0.0  0.000759  0.999394  0.000874             
Adjuvant Chemo                     5.106079e-07   1.000001  0.000922       -0.001807        0.001808             0.998195             1.001810     0.0  0.000554  0.999558  0.000637             
Stage_IIIB                         4.465280e-07   1.000000  0.000582       -0.001140        0.001141             0.998861             1.001141     0.0  0.000768  0.999388  0.000884             
Stage_IIA                          3.070332e-07   1.000000  0.000498       -0.000975        0.000975             0.999026             1.000976     0.0  0.000617  0.999508  0.000711             
Race_Caucasian                     2.635688e-07   1.000000  0.000347       -0.000680        0.000681             0.999320             1.000681     0.0  0.000759  0.999394  0.000874             
Stage_II                           1.984553e-07   1.000000  0.000260       -0.000510        0.000510             0.999491             1.000510     0.0  0.000763  0.999391  0.000879             
ATM                                1.810565e-07   1.000000  0.000288       -0.000565        0.000565             0.999436             1.000565     0.0  0.000628  0.999499  0.000723             
BRAF                               1.626311e-07   1.000000  0.000213       -0.000416        0.000417             0.999584             1.000417     0.0  0.000765  0.999389  0.000881             
Histology_Squamous Cell Carcinoma  1.596928e-07   1.000000  0.000220       -0.000432        0.000432             0.999568             1.000432     0.0  0.000725  0.999422  0.000834             
BRCA2                              1.079219e-07   1.000000  0.000186       -0.000365        0.000365             0.999635             1.000365     0.0  0.000580  0.999537  0.000668             
EGFR                               7.613802e-08   1.000000  0.000123       -0.000242        0.000242             0.999758             1.000242     0.0  0.000617  0.999508  0.000710             
STK11                              4.914762e-08   1.000000  0.000156       -0.000305        0.000305             0.999695             1.000305     0.0  0.000316  0.999748  0.000364             
BRCA1                              4.721979e-08   1.000000  0.000112       -0.000220        0.000220             0.999780             1.000221     0.0  0.000420  0.999665  0.000483             
KRAS                               2.968896e-08   1.000000  0.000187       -0.000366        0.000366             0.999634             1.000366     0.0  0.000159  0.999873  0.000183             
Stage_IB                           1.057800e-08   1.000000  0.000111       -0.000219        0.000219             0.999782             1.000219     0.0  0.000095  0.999924  0.000109             
MYC                                8.632770e-09   1.000000  0.000053       -0.000104        0.000104             0.999896             1.000104     0.0  0.000163  0.999870  0.000188             
CDKN2A                            -8.244816e-09   1.000000  0.000037       -0.000073        0.000073             0.999927             1.000073     0.0 -0.000223  0.999822  0.000256             
SMARCA4                           -1.301869e-08   1.000000  0.000104       -0.000203        0.000203             0.999797             1.000203     0.0 -0.000126  0.999900  0.000145             
PIK3CA                            -1.988614e-08   1.000000  0.000107       -0.000209        0.000209             0.999791             1.000209     0.0 -0.000187  0.999851  0.000215             
PIK3R1                            -3.529341e-08   1.000000  0.000078       -0.000153        0.000153             0.999847             1.000153     0.0 -0.000452  0.999639  0.000521             
RB1                               -3.560141e-08   1.000000  0.000151       -0.000296        0.000296             0.999704             1.000296     0.0 -0.000235  0.999812  0.000271             
KEAP1                             -4.523821e-08   1.000000  0.000109       -0.000214        0.000214             0.999786             1.000214     0.0 -0.000414  0.999670  0.000477             
MDM2                              -4.803560e-08   1.000000  0.000110       -0.000216        0.000216             0.999784             1.000216     0.0 -0.000437  0.999652  0.000503             
PTEN                              -5.168802e-08   1.000000  0.000128       -0.000250        0.000250             0.999750             1.000250     0.0 -0.000405  0.999677  0.000466             
MET                               -5.938123e-08   1.000000  0.000087       -0.000171        0.000171             0.999829             1.000171     0.0 -0.000681  0.999457  0.000784             
ALK                               -6.797196e-08   1.000000  0.000130       -0.000255        0.000255             0.999745             1.000255     0.0 -0.000522  0.999583  0.000602             
TP53                              -9.593818e-08   1.000000  0.000131       -0.000257        0.000257             0.999743             1.000257     0.0 -0.000732  0.999416  0.000843             
Race_Unknown                      -1.499212e-07   1.000000  0.000208       -0.000408        0.000407             0.999593             1.000407     0.0 -0.000721  0.999425  0.000830             
NF1                               -2.537142e-07   1.000000  0.000332       -0.000651        0.000650             0.999349             1.000650     0.0 -0.000764  0.999390  0.000880             
Stage_I                           -5.616891e-07   0.999999  0.000779       -0.001527        0.001525             0.998475             1.001527     0.0 -0.000721  0.999424  0.000831             
Race_White                        -7.943085e-07   0.999999  0.001248       -0.002446        0.002445             0.997557             1.002448     0.0 -0.000637  0.999492  0.000733             
Histology_Adenocarcinoma          -1.592751e-02   0.984199  0.220443       -0.447988        0.416133             0.638912             1.516088     0.0 -0.072252  0.942401  0.085587             
Stage_IA                          -4.313844e-01   0.649609  0.172045       -0.768587       -0.094182             0.463668             0.910117     0.0 -2.507390  0.012163  6.361399            *

Model metrics: -537.8269
0.7220

Train Concordance = 0.722
Concordance on test set = 0.658
Partial AIC = 1151.654
log-likelihood ratio test = 8.584 on 38 df
-log2(p) of ll-ratio test = 0.000