                                       coef   exp(coef)   se(coef)  coef lower 95%  coef upper 95%  exp(coef) lower 95%  exp(coef) upper 95%  cmp to         z         p   -log2(p) significance
covariate                                                                                                                                                                                       
Stage_IIIA                         4.962721  142.982267  60.590812     -113.793090      123.718531         3.804425e-50         5.373723e+53     0.0  0.081905  0.934722   0.097391             
V11050                             3.082402   21.810718   1.499147        0.144127        6.020676         1.155030e+00         4.118571e+02     0.0  2.056103  0.039773   4.652082            *
Histology_Large Cell Carcinoma     2.834250   17.017631   1.976215       -1.039060        6.707560         3.537870e-01         8.185710e+02     0.0  1.434181  0.151521   2.722414             
Stage_IIIB                         2.829877   16.943370  60.588982     -115.922346      121.582099         4.524442e-51         6.345043e+52     0.0  0.046706  0.962747   0.054771             
V1278                              2.460655   11.712477   1.177588        0.152624        4.768685         1.164887e+00         1.177643e+02     0.0  2.089572  0.036656   4.769795            *
V4083                              2.356709   10.556155   0.976893        0.442034        4.271384         1.555868e+00         7.162073e+01     0.0  2.412453  0.015846   5.979777            *
V10358                             2.308399   10.058311   1.313945       -0.266885        4.883684         7.657610e-01         1.321164e+02     0.0  1.756846  0.078944   3.663027             
V3836                              2.225147    9.254841   1.474631       -0.665077        5.115371         5.142337e-01         1.665626e+02     0.0  1.508951  0.131311   2.928938             
V16090                             1.904324    6.714868   0.901856        0.136718        3.671930         1.146505e+00         3.932773e+01     0.0  2.111561  0.034724   4.847917            *
Histology_Adenocarcinoma           1.720587    5.587806   1.617030       -1.448734        4.889907         2.348674e-01         1.329413e+02     0.0  1.064041  0.287310   1.799320             
V10714                             1.696981    5.457449   1.216511       -0.687337        4.081300         5.029136e-01         5.922240e+01     0.0  1.394957  0.163029   2.616802             
V1632                              1.665174    5.286595   0.600591        0.488038        2.842311         1.629117e+00         1.715536e+01     0.0  2.772561  0.005562   7.490254           **
V12352                             1.576695    4.838934   1.310894       -0.992611        4.146000         3.706079e-01         6.318075e+01     0.0  1.202763  0.229068   2.126151             
V12948                             1.537517    4.653025   0.996551       -0.415686        3.490721         6.598877e-01         3.280958e+01     0.0  1.542839  0.122870   3.024799             
V17158                             1.483583    4.408712   1.076288       -0.625903        3.593068         5.347783e-01         3.634542e+01     0.0  1.378425  0.168072   2.572849             
V6967                              1.473435    4.364198   0.569084        0.358051        2.588818         1.430539e+00         1.331402e+01     0.0  2.589136  0.009622   6.699490           **
V16002                             1.438400    4.213948   0.708289        0.050179        2.826621         1.051459e+00         1.688830e+01     0.0  2.030809  0.042274   4.564072            *
V11462                             1.413156    4.108902   1.039394       -0.624019        3.450331         5.357866e-01         3.151081e+01     0.0  1.359596  0.173958   2.523190             
Stage_IIB                          1.388484    4.008769  60.579818     -117.345778      120.122746         1.089874e-51         1.474504e+52     0.0  0.022920  0.981714   0.026625             
V39                                1.373317    3.948424   1.260238       -1.096704        3.843338         3.339699e-01         4.668102e+01     0.0  1.089728  0.275833   1.858133             
V13767                             1.353728    3.871834   0.579090        0.218734        2.488723         1.244500e+00         1.204588e+01     0.0  2.337684  0.019404   5.687529            *
V16536                             1.292874    3.643243   0.687866       -0.055319        2.641067         9.461837e-01         1.402816e+01     0.0  1.879544  0.060170   4.054804             
V10393                             1.281477    3.601957   1.778451       -2.204222        4.767177         1.103364e-01         1.175868e+02     0.0  0.720558  0.471181   1.085646             
V4652                              1.190081    3.287349   0.511602        0.187360        2.192802         1.206062e+00         8.960289e+00     0.0  2.326187  0.020009   5.643237            *
V8208                              0.980771    2.666512   0.428280        0.141357        1.820185         1.151836e+00         6.173001e+00     0.0  2.290022  0.022020   5.505040            *
V19203                             0.922703    2.516083   0.920652       -0.881742        2.727148         4.140611e-01         1.528923e+01     0.0  1.002228  0.316234   1.660938             
V7221                              0.872415    2.392683   0.707151       -0.513575        2.258406         5.983524e-01         9.567824e+00     0.0  1.233704  0.217313   2.202153             
V3412                              0.853213    2.347176   1.194925       -1.488797        3.195223         2.256439e-01         2.441562e+01     0.0  0.714031  0.475208   1.073368             
Smoked?                            0.816193    2.261873   0.542379       -0.246850        1.879236         7.812579e-01         6.548501e+00     0.0  1.504839  0.132365   2.917402             
V16649                             0.798812    2.222898   0.664428       -0.503443        2.101067         6.044458e-01         8.174887e+00     0.0  1.202255  0.229265   2.124913             
V21280                             0.798387    2.221953   0.378330        0.056873        1.539900         1.058521e+00         4.664124e+00     0.0  2.110290  0.034833   4.843387            *
V14426                             0.750189    2.117399   0.667160       -0.557421        2.057798         5.726843e-01         7.828711e+00     0.0  1.124451  0.260822   1.938864             
Sex                                0.736889    2.089425   0.494767       -0.232837        1.706614         7.922829e-01         5.510274e+00     0.0  1.489365  0.136391   2.874177             
V18946                             0.693266    2.000237   0.528112       -0.341815        1.728346         7.104796e-01         5.631333e+00     0.0  1.312724  0.189276   2.401438             
V6772                              0.678146    1.970221   1.537874       -2.336032        3.692323         9.671066e-02         4.013798e+01     0.0  0.440963  0.659240   0.601125             
V12279                             0.656649    1.928319   0.661392       -0.639656        1.952954         5.274737e-01         7.049478e+00     0.0  0.992828  0.320794   1.640282             
V2240                              0.583622    1.792519   0.914706       -1.209168        2.376412         2.984455e-01         1.076620e+01     0.0  0.638043  0.523445   0.933889             
V8721                              0.573152    1.773849   1.039060       -1.463369        2.609672         2.314553e-01         1.359460e+01     0.0  0.551606  0.581218   0.782848             
V12052                             0.563290    1.756441   0.566295       -0.546628        1.673208         5.788984e-01         5.329234e+00     0.0  0.994693  0.319886   1.644372             
V18574                             0.531960    1.702266   0.816781       -1.068902        2.132822         3.433855e-01         8.438646e+00     0.0  0.651288  0.514860   0.957747             
V4686                              0.513388    1.670943   0.346682       -0.166096        1.192872         8.469649e-01         3.296535e+00     0.0  1.480862  0.138643   2.850549             
Stage_IB                           0.486123    1.625999  60.579062     -118.246658      119.218903         4.427198e-52         5.971890e+51     0.0  0.008025  0.993597   0.009267             
V17864                             0.484938    1.624074   0.260111       -0.024870        0.994745         9.754365e-01         2.704036e+00     0.0  1.864350  0.062273   4.005260             
V14296                             0.482715    1.620467   0.454942       -0.408956        1.374385         6.643434e-01         3.952646e+00     0.0  1.061045  0.288669   1.792511             
V7574                              0.480435    1.616778   0.470487       -0.441702        1.402572         6.429410e-01         4.065645e+00     0.0  1.021144  0.307186   1.702815             
V1516                              0.478692    1.613962   0.856603       -1.200220        2.157603         3.011281e-01         8.650380e+00     0.0  0.558826  0.576281   0.795156             
V11084                             0.432669    1.541366   0.163725        0.111775        0.753563         1.118261e+00         2.124557e+00     0.0  2.642664  0.008226   6.925653           **
V20976                             0.405817    1.500527   0.413495       -0.404618        1.216251         6.672318e-01         3.374513e+00     0.0  0.981432  0.326380   1.615376             
V290                               0.402857    1.496092   0.431892       -0.443636        1.249349         6.416990e-01         3.488072e+00     0.0  0.932772  0.350938   1.510713             
V15192                             0.327897    1.388046   0.464198       -0.581914        1.237707         5.588278e-01         3.447701e+00     0.0  0.706373  0.479956   1.059026             
V6276                              0.324353    1.383136   0.156426        0.017763        0.630943         1.017922e+00         1.879382e+00     0.0  2.073521  0.038124   4.713163            *
V751                               0.308996    1.362056   1.079140       -1.806080        2.424072         1.642968e-01         1.129174e+01     0.0  0.286335  0.774622   0.368436             
Stage_II                           0.307946    1.360627  60.580031     -118.426734      119.042625         3.697627e-52         5.006740e+51     0.0  0.005083  0.995944   0.005863             
V12374                             0.297668    1.346714   0.418007       -0.521611        1.116947         5.935633e-01         3.055511e+00     0.0  0.712111  0.476396   1.069767             
V17728                             0.272036    1.312635   0.190346       -0.101034        0.645107         9.039022e-01         1.906191e+00     0.0  1.429171  0.152955   2.708820             
V6557                              0.262184    1.299766   0.238750       -0.205757        0.730125         8.140311e-01         2.075341e+00     0.0  1.098155  0.272137   1.877596             
V1989                              0.254783    1.290182   1.148550       -1.996333        2.505899         1.358324e-01         1.225458e+01     0.0  0.221830  0.824446   0.278503             
Adjuvant Chemo                     0.228431    1.256627   1.154485       -2.034317        2.491180         1.307697e-01         1.207551e+01     0.0  0.197864  0.843151   0.246137             
V13589                             0.205630    1.228298   0.416903       -0.611485        1.022744         5.425446e-01         2.780816e+00     0.0  0.493232  0.621849   0.685364             
V10299                             0.203348    1.225499   0.563752       -0.901585        1.308281         4.059256e-01         3.699809e+00     0.0  0.360704  0.718320   0.477301             
V19545                             0.148203    1.159748   0.244986       -0.331961        0.628367         7.175156e-01         1.874546e+00     0.0  0.604945  0.545216   0.875101             
V2159                              0.126592    1.134954   0.144335       -0.156300        0.409484         8.553024e-01         1.506040e+00     0.0  0.877067  0.380450   1.394221             
V4736                              0.091401    1.095709   0.197932       -0.296538        0.479341         7.433872e-01         1.615010e+00     0.0  0.461782  0.644238   0.634335             
Age                                0.076831    1.079859   0.023005        0.031741        0.121920         1.032251e+00         1.129663e+00     0.0  3.339725  0.000839  10.219706          ***
V13                                0.044804    1.045822   0.824667       -1.571513        1.661121         2.077306e-01         5.265207e+00     0.0  0.054329  0.956673   0.063902             
V1884                              0.038107    1.038842   0.475312       -0.893488        0.969702         4.092259e-01         2.637158e+00     0.0  0.080172  0.936100   0.095265             
Histology_Squamous Cell Carcinoma  0.003821    1.003829   1.581032       -3.094945        3.102587         4.527752e-02         2.225546e+01     0.0  0.002417  0.998072   0.002785             
V17877                            -0.000614    0.999386   0.424905       -0.833413        0.832184         4.345637e-01         2.298333e+00     0.0 -0.001446  0.998846   0.001665             
V3918                             -0.119570    0.887302   1.176143       -2.424768        2.185627         8.849867e-02         8.896225e+00     0.0 -0.101663  0.919024   0.121825             
V14913                            -0.147537    0.862831   0.531819       -1.189883        0.894809         3.042568e-01         2.446870e+00     0.0 -0.277419  0.781458   0.355759             
V4904                             -0.211173    0.809634   1.381696       -2.919248        2.496902         5.397427e-02         1.214482e+01     0.0 -0.152836  0.878528   0.186840             
V16606                            -0.222601    0.800434   0.701224       -1.596975        1.151772         2.025082e-01         3.163794e+00     0.0 -0.317447  0.750904   0.413299             
V8260                             -0.223508    0.799709   0.235368       -0.684821        0.237805         5.041804e-01         1.268462e+00     0.0 -0.949609  0.342311   1.546621             
V16975                            -0.241743    0.785258   0.201531       -0.636736        0.153250         5.290165e-01         1.165616e+00     0.0 -1.199534  0.230320   2.118286             
V4281                             -0.251965    0.777272   1.526438       -3.243729        2.739799         3.901811e-02         1.548387e+01     0.0 -0.165067  0.868891   0.202753             
V10921                            -0.257246    0.773178   0.747588       -1.722492        1.207999         1.786205e-01         3.346783e+00     0.0 -0.344102  0.730770   0.452511             
V16555                            -0.271656    0.762116   0.293633       -0.847167        0.303854         4.286274e-01         1.355072e+00     0.0 -0.925155  0.354885   1.494576             
V11939                            -0.291017    0.747503   0.376767       -1.029467        0.447434         3.571974e-01         1.564292e+00     0.0 -0.772404  0.439875   1.184834             
V13296                            -0.305604    0.736678   0.378776       -1.047991        0.436783         3.506415e-01         1.547721e+00     0.0 -0.806819  0.419771   1.252327             
V4336                             -0.309990    0.733455   1.029241       -2.327265        1.707286         9.756220e-02         5.513976e+00     0.0 -0.301183  0.763275   0.389725             
V19617                            -0.385357    0.680208   0.423783       -1.215956        0.445242         2.964264e-01         1.560868e+00     0.0 -0.909327  0.363178   1.461252             
V8775                             -0.387042    0.679062   0.332242       -1.038224        0.264139         3.540830e-01         1.302309e+00     0.0 -1.164943  0.244042   2.034798             
V19631                            -0.411354    0.662752   0.451686       -1.296642        0.473934         2.734484e-01         1.606301e+00     0.0 -0.910708  0.362449   1.464149             
V5844                             -0.414408    0.660731   0.626953       -1.643214        0.814397         1.933576e-01         2.257814e+00     0.0 -0.660988  0.508620   0.975340             
V10147                            -0.441774    0.642895   0.643060       -1.702148        0.818600         1.822915e-01         2.267323e+00     0.0 -0.686988  0.492090   1.023005             
V13702                            -0.471671    0.623959   0.366269       -1.189545        0.246203         3.043596e-01         1.279159e+00     0.0 -1.287773  0.197825   2.337703             
V14625                            -0.514537    0.597777   0.821822       -2.125279        1.096205         1.193996e-01         2.992788e+00     0.0 -0.626093  0.531254   0.912526             
V8485                             -0.690189    0.501481   0.931664       -2.516217        1.135840         8.076458e-02         3.113787e+00     0.0 -0.740813  0.458807   1.124041             
V8491                             -0.693829    0.499659   0.507694       -1.688890        0.301233         1.847244e-01         1.351524e+00     0.0 -1.366628  0.171742   2.541687             
V15047                            -0.706847    0.493197   0.776756       -2.229261        0.815568         1.076079e-01         2.260459e+00     0.0 -0.909998  0.362824   1.462660             
Stage_IIA                         -0.737325    0.478392  60.595508     -119.502338      118.027687         1.261229e-52         1.814568e+51     0.0 -0.012168  0.990292   0.014075             
V9204                             -0.920535    0.398306   1.348569       -3.563683        1.722612         2.833429e-02         5.599135e+00     0.0 -0.682601  0.494859   1.014911             
V4189                             -0.969623    0.379226   0.555854       -2.059078        0.119832         1.275716e-01         1.127307e+00     0.0 -1.744383  0.081092   3.624290             
V4710                             -1.005011    0.366041   0.981309       -2.928342        0.918320         5.348564e-02         2.505078e+00     0.0 -1.024153  0.305763   1.709514             
V2179                             -1.043951    0.352061   0.885987       -2.780454        0.692551         6.201034e-02         1.998809e+00     0.0 -1.178292  0.238680   2.066849             
V4133                             -1.106420    0.330741   0.475408       -2.038203       -0.174637         1.302626e-01         8.397619e-01     0.0 -2.327305  0.019949   5.647536            *
V13620                            -1.273929    0.279730   0.802122       -2.846058        0.298200         5.807277e-02         1.347432e+00     0.0 -1.588199  0.112241   3.155325             
V15944                            -1.356974    0.257439   0.613933       -2.560261       -0.153687         7.728455e-02         8.575403e-01     0.0 -2.210296  0.027085   5.206382            *
Stage_I                           -1.363860    0.255672  60.593496     -120.124930      117.397209         6.767151e-53         9.659621e+50     0.0 -0.022508  0.982042   0.026143             
V17687                            -1.451451    0.234230   1.338717       -4.075288        1.172387         1.698731e-02         3.229693e+00     0.0 -1.084210  0.278272   1.845434             
V9585                             -1.515878    0.219615   1.252717       -3.971158        0.939401         1.885159e-02         2.558449e+00     0.0 -1.210073  0.226251   2.144004             
V9223                             -1.550450    0.212152   0.739611       -3.000061       -0.100840         4.978403e-02         9.040778e-01     0.0 -2.096306  0.036055   4.793654            *
V12277                            -1.691590    0.184226   0.666171       -2.997261       -0.385918         4.992360e-02         6.798260e-01     0.0 -2.539272  0.011108   6.492214            *
Stage_IA                          -1.695937    0.183427  60.579527     -120.429628      117.037754         4.989731e-53         6.742960e+50     0.0 -0.027995  0.977666   0.032586             
V2457                             -1.766308    0.170963   1.539183       -4.783052        1.250435         8.370415e-03         3.491862e+00     0.0 -1.147562  0.251149   1.993383             
V9881                             -1.767407    0.170775   1.140893       -4.003516        0.468701         1.825136e-02         1.597918e+00     0.0 -1.549144  0.121347   3.042789             
V3661                             -1.943136    0.143254   1.169779       -4.235862        0.349589         1.446733e-02         1.418485e+00     0.0 -1.661113  0.096691   3.370479             
V9825                             -2.190930    0.111813   1.146055       -4.437157        0.055296         1.182952e-02         1.056853e+00     0.0 -1.911715  0.055913   4.160678             
V16774                            -2.274597    0.102838   0.898177       -4.034991       -0.514202         1.768584e-02         5.979775e-01     0.0 -2.532459  0.011327   6.464147            *
V14393                            -2.528618    0.079769   0.712876       -3.925828       -1.131407         1.972580e-02         3.225791e-01     0.0 -3.547067  0.000390  11.325920          ***
V5291                             -2.561807    0.077165   1.332535       -5.173528        0.049913         5.664551e-03         1.051180e+00     0.0 -1.922507  0.054542   4.196488             
V1130                             -2.633916    0.071797   1.014610       -4.622515       -0.645317         9.828046e-03         5.244963e-01     0.0 -2.595989  0.009432   6.728233           **
V11846                            -4.616786    0.009885   1.763310       -8.072810       -1.160762         3.119055e-04         3.132473e-01     0.0 -2.618250  0.008838   6.822031           **
Race_Unknown                      -4.693944    0.009151   1.701211       -8.028256       -1.359631         3.261164e-04         2.567554e-01     0.0 -2.759178  0.005795   7.431050           **
Race_Caucasian                    -4.931868    0.007213   1.420687       -7.716363       -2.147374         4.454780e-04         1.167905e-01     0.0 -3.471468  0.000518  10.915817          ***
Race_White                        -9.516679    0.000074   2.722239      -14.852170       -4.181188         3.546373e-07         1.528034e-02     0.0 -3.495901  0.000472  11.047509          ***

Model metrics: -397.9099
0.9022

Train Concordance = 0.902
Concordance on test set = 0.557
Partial AIC = 1027.820
log-likelihood ratio test = 288.417 on 116 df
-log2(p) of ll-ratio test = 53.015