                                           coef  exp(coef)  se(coef)  coef lower 95%  coef upper 95%  exp(coef) lower 95%  exp(coef) upper 95%  cmp to         z         p  -log2(p) significance
covariate                                                                                                                                                                                        
Stage_IIIA                         5.359732e-07   1.000001  0.000546       -0.001070        0.001071             0.998931             1.001072     0.0  0.000981  0.999217  0.001130             
Histology_Large Cell Carcinoma     3.034813e-07   1.000000  0.000370       -0.000724        0.000725             0.999276             1.000725     0.0  0.000821  0.999345  0.000946             
Stage_IIIB                         2.301669e-07   1.000000  0.000309       -0.000606        0.000606             0.999395             1.000606     0.0  0.000745  0.999406  0.000857             
Stage_IIB                          2.283405e-07   1.000000  0.000232       -0.000455        0.000455             0.999545             1.000456     0.0  0.000983  0.999216  0.001132             
Adjuvant Chemo                     2.032005e-07   1.000000  0.000220       -0.000430        0.000431             0.999570             1.000431     0.0  0.000925  0.999262  0.001066             
Stage_IIA                          1.670940e-07   1.000000  0.000339       -0.000665        0.000665             0.999335             1.000666     0.0  0.000492  0.999607  0.000567             
Smoked?                            1.655143e-07   1.000000  0.000169       -0.000330        0.000331             0.999670             1.000331     0.0  0.000981  0.999217  0.001130             
Sex                                1.414639e-07   1.000000  0.000144       -0.000282        0.000282             0.999718             1.000282     0.0  0.000983  0.999215  0.001132             
Race_Caucasian                     1.412227e-07   1.000000  0.000166       -0.000326        0.000326             0.999674             1.000326     0.0  0.000849  0.999323  0.000977             
XRCC3                              1.200031e-07   1.000000  0.000141       -0.000276        0.000276             0.999725             1.000276     0.0  0.000853  0.999319  0.000983             
BRCC3                              1.112265e-07   1.000000  0.000114       -0.000224        0.000224             0.999776             1.000224     0.0  0.000972  0.999224  0.001120             
Histology_Squamous Cell Carcinoma  1.086971e-07   1.000000  0.000144       -0.000282        0.000282             0.999718             1.000282     0.0  0.000755  0.999398  0.000869             
ATM                                9.937764e-08   1.000000  0.000195       -0.000383        0.000383             0.999617             1.000383     0.0  0.000509  0.999594  0.000586             
CUL3                               9.937300e-08   1.000000  0.000108       -0.000212        0.000212             0.999788             1.000212     0.0  0.000918  0.999268  0.001057             
MRE11                              9.925192e-08   1.000000  0.000129       -0.000252        0.000252             0.999748             1.000252     0.0  0.000772  0.999384  0.000889             
Stage_II                           9.326413e-08   1.000000  0.000140       -0.000274        0.000274             0.999726             1.000274     0.0  0.000667  0.999468  0.000768             
HIF1A                              8.686385e-08   1.000000  0.000105       -0.000206        0.000207             0.999794             1.000207     0.0  0.000825  0.999342  0.000949             
BRAF                               8.501561e-08   1.000000  0.000116       -0.000227        0.000227             0.999773             1.000227     0.0  0.000734  0.999415  0.000845             
POLE                               8.127610e-08   1.000000  0.000116       -0.000228        0.000228             0.999772             1.000228     0.0  0.000700  0.999442  0.000805             
RRM1                               7.876112e-08   1.000000  0.000093       -0.000181        0.000182             0.999819             1.000182     0.0  0.000851  0.999321  0.000979             
DUT                                7.819273e-08   1.000000  0.000109       -0.000213        0.000213             0.999787             1.000213     0.0  0.000718  0.999427  0.000827             
CASP3                              7.404000e-08   1.000000  0.000104       -0.000204        0.000204             0.999797             1.000204     0.0  0.000713  0.999431  0.000821             
RAD50                              7.337033e-08   1.000000  0.000093       -0.000182        0.000183             0.999818             1.000183     0.0  0.000788  0.999372  0.000907             
FGFR1                              7.290453e-08   1.000000  0.000104       -0.000204        0.000204             0.999796             1.000204     0.0  0.000701  0.999440  0.000808             
E2F1                               5.512080e-08   1.000000  0.000126       -0.000246        0.000246             0.999754             1.000247     0.0  0.000438  0.999650  0.000505             
CHEK1                              5.344978e-08   1.000000  0.000066       -0.000130        0.000130             0.999870             1.000130     0.0  0.000807  0.999356  0.000929             
MCL1                               5.096752e-08   1.000000  0.000099       -0.000193        0.000194             0.999807             1.000194     0.0  0.000516  0.999588  0.000594             
MSH2                               5.081851e-08   1.000000  0.000070       -0.000137        0.000137             0.999863             1.000137     0.0  0.000727  0.999420  0.000837             
BRIP1                              4.808378e-08   1.000000  0.000076       -0.000148        0.000148             0.999852             1.000148     0.0  0.000636  0.999493  0.000732             
RAD51                              4.679179e-08   1.000000  0.000082       -0.000160        0.000160             0.999840             1.000160     0.0  0.000572  0.999543  0.000659             
EGFR                               4.319961e-08   1.000000  0.000085       -0.000166        0.000166             0.999834             1.000166     0.0  0.000510  0.999593  0.000588             
CDH1                               4.116569e-08   1.000000  0.000069       -0.000135        0.000136             0.999865             1.000136     0.0  0.000595  0.999525  0.000685             
PDK1                               3.973476e-08   1.000000  0.000071       -0.000140        0.000140             0.999860             1.000140     0.0  0.000556  0.999556  0.000640             
RAD17                              3.763790e-08   1.000000  0.000128       -0.000251        0.000251             0.999749             1.000251     0.0  0.000294  0.999765  0.000339             
SIRT1                              3.721007e-08   1.000000  0.000078       -0.000153        0.000153             0.999847             1.000153     0.0  0.000477  0.999619  0.000549             
CDKN1B                             3.550097e-08   1.000000  0.000092       -0.000180        0.000180             0.999820             1.000180     0.0  0.000386  0.999692  0.000445             
ABCB1                              3.529143e-08   1.000000  0.000071       -0.000140        0.000140             0.999860             1.000140     0.0  0.000494  0.999606  0.000568             
STK11                              3.238375e-08   1.000000  0.000119       -0.000233        0.000233             0.999767             1.000233     0.0  0.000273  0.999783  0.000314             
CCNB1                              3.032725e-08   1.000000  0.000043       -0.000084        0.000084             0.999916             1.000084     0.0  0.000711  0.999433  0.000819             
BRCA1                              2.821860e-08   1.000000  0.000084       -0.000164        0.000164             0.999836             1.000164     0.0  0.000337  0.999731  0.000388             
CDK6                               2.294646e-08   1.000000  0.000064       -0.000125        0.000126             0.999875             1.000126     0.0  0.000358  0.999714  0.000412             
XRCC2                              2.213027e-08   1.000000  0.000104       -0.000204        0.000204             0.999796             1.000204     0.0  0.000213  0.999830  0.000245             
AKT1                               2.212940e-08   1.000000  0.000091       -0.000179        0.000179             0.999821             1.000179     0.0  0.000243  0.999807  0.000279             
MSH6                               2.208262e-08   1.000000  0.000111       -0.000218        0.000218             0.999782             1.000218     0.0  0.000198  0.999842  0.000228             
ATR                                2.100322e-08   1.000000  0.000089       -0.000174        0.000174             0.999826             1.000174     0.0  0.000237  0.999811  0.000272             
SOX2                               1.729557e-08   1.000000  0.000040       -0.000079        0.000079             0.999921             1.000079     0.0  0.000430  0.999657  0.000495             
KRAS                               1.655649e-08   1.000000  0.000145       -0.000284        0.000284             0.999716             1.000284     0.0  0.000114  0.999909  0.000131             
GAPDH                              1.593788e-08   1.000000  0.000088       -0.000172        0.000172             0.999828             1.000172     0.0  0.000182  0.999855  0.000209             
MTHFD2                             1.553399e-08   1.000000  0.000068       -0.000134        0.000134             0.999866             1.000134     0.0  0.000227  0.999819  0.000262             
PRC1                               1.529143e-08   1.000000  0.000039       -0.000077        0.000077             0.999923             1.000077     0.0  0.000390  0.999689  0.000449             
MCM4                               1.354672e-08   1.000000  0.000054       -0.000105        0.000105             0.999895             1.000105     0.0  0.000252  0.999799  0.000290             
TWIST1                             1.317760e-08   1.000000  0.000028       -0.000056        0.000056             0.999944             1.000056     0.0  0.000463  0.999631  0.000533             
DNMT1                              1.302875e-08   1.000000  0.000087       -0.000171        0.000171             0.999829             1.000171     0.0  0.000149  0.999881  0.000172             
NKX2-1                             1.021968e-08   1.000000  0.000032       -0.000064        0.000064             0.999936             1.000064     0.0  0.000315  0.999749  0.000363             
Age                                8.357617e-09   1.000000  0.000009       -0.000017        0.000017             0.999983             1.000017     0.0  0.000981  0.999217  0.001130             
SOD2                               8.103223e-09   1.000000  0.000055       -0.000107        0.000107             0.999893             1.000107     0.0  0.000148  0.999882  0.000171             
MCM2                               7.636490e-09   1.000000  0.000046       -0.000089        0.000089             0.999911             1.000089     0.0  0.000168  0.999866  0.000193             
ACTB                               7.238008e-09   1.000000  0.000179       -0.000351        0.000351             0.999649             1.000351     0.0  0.000040  0.999968  0.000046             
CCNE1                              6.834709e-09   1.000000  0.000082       -0.000161        0.000161             0.999839             1.000161     0.0  0.000083  0.999934  0.000096             
TYMS                               5.383800e-09   1.000000  0.000044       -0.000086        0.000086             0.999914             1.000086     0.0  0.000123  0.999902  0.000142             
MYC                                4.580498e-09   1.000000  0.000041       -0.000081        0.000081             0.999919             1.000081     0.0  0.000112  0.999911  0.000128             
CDC20                              4.101743e-09   1.000000  0.000033       -0.000065        0.000065             0.999935             1.000065     0.0  0.000123  0.999902  0.000142             
SLFN11                             2.313565e-09   1.000000  0.000056       -0.000110        0.000110             0.999890             1.000110     0.0  0.000041  0.999967  0.000047             
POLD1                              6.679193e-10   1.000000  0.000092       -0.000180        0.000180             0.999820             1.000180     0.0  0.000007  0.999994  0.000008             
Stage_IB                           5.429578e-10   1.000000  0.000087       -0.000170        0.000170             0.999830             1.000170     0.0  0.000006  0.999995  0.000007             
NBN                               -1.622836e-10   1.000000  0.000067       -0.000131        0.000131             0.999869             1.000131     0.0 -0.000002  0.999998  0.000003             
FANCA                             -4.869555e-10   1.000000  0.000105       -0.000205        0.000205             0.999795             1.000205     0.0 -0.000005  0.999996  0.000005             
GTF2I                             -1.132876e-09   1.000000  0.000093       -0.000182        0.000182             0.999818             1.000182     0.0 -0.000012  0.999990  0.000014             
CD8A                              -2.535014e-09   1.000000  0.000040       -0.000079        0.000079             0.999921             1.000079     0.0 -0.000063  0.999950  0.000073             
PKM                               -2.836726e-09   1.000000  0.000073       -0.000144        0.000144             0.999856             1.000144     0.0 -0.000039  0.999969  0.000044             
CDKN2A                            -4.493217e-09   1.000000  0.000029       -0.000056        0.000056             0.999944             1.000056     0.0 -0.000157  0.999874  0.000181             
CD274                             -5.992253e-09   1.000000  0.000054       -0.000105        0.000105             0.999895             1.000105     0.0 -0.000111  0.999911  0.000128             
CHEK2                             -7.388903e-09   1.000000  0.000066       -0.000129        0.000129             0.999871             1.000129     0.0 -0.000113  0.999910  0.000130             
SMARCA4                           -8.628452e-09   1.000000  0.000081       -0.000158        0.000158             0.999842             1.000158     0.0 -0.000107  0.999915  0.000123             
ERBB2                             -8.730529e-09   1.000000  0.000089       -0.000175        0.000175             0.999825             1.000175     0.0 -0.000098  0.999922  0.000112             
PIK3CA                            -9.642854e-09   1.000000  0.000082       -0.000161        0.000161             0.999839             1.000161     0.0 -0.000117  0.999907  0.000135             
ARID1A                            -1.054512e-08   1.000000  0.000085       -0.000166        0.000166             0.999834             1.000166     0.0 -0.000125  0.999901  0.000144             
SNAI1                             -1.189391e-08   1.000000  0.000103       -0.000202        0.000202             0.999798             1.000202     0.0 -0.000115  0.999908  0.000133             
TLE1                              -1.357218e-08   1.000000  0.000078       -0.000153        0.000153             0.999847             1.000153     0.0 -0.000174  0.999862  0.000200             
RB1                               -1.795324e-08   1.000000  0.000116       -0.000228        0.000228             0.999772             1.000228     0.0 -0.000154  0.999877  0.000178             
KDM5B                             -2.028702e-08   1.000000  0.000081       -0.000160        0.000160             0.999840             1.000160     0.0 -0.000249  0.999801  0.000287             
ATG5                              -2.046287e-08   1.000000  0.000071       -0.000139        0.000139             0.999861             1.000139     0.0 -0.000288  0.999771  0.000331             
GSTM1                             -2.122533e-08   1.000000  0.000056       -0.000109        0.000109             0.999891             1.000109     0.0 -0.000382  0.999695  0.000440             
VIM                               -2.171463e-08   1.000000  0.000074       -0.000146        0.000146             0.999854             1.000146     0.0 -0.000292  0.999767  0.000337             
TUBB3                             -2.427755e-08   1.000000  0.000075       -0.000147        0.000146             0.999853             1.000146     0.0 -0.000325  0.999741  0.000374             
CASP9                             -2.518511e-08   1.000000  0.000114       -0.000223        0.000223             0.999777             1.000223     0.0 -0.000221  0.999823  0.000255             
KEAP1                             -2.572293e-08   1.000000  0.000081       -0.000159        0.000159             0.999841             1.000159     0.0 -0.000316  0.999748  0.000364             
PTEN                              -2.734177e-08   1.000000  0.000095       -0.000186        0.000186             0.999814             1.000186     0.0 -0.000288  0.999770  0.000331             
MDM2                              -2.796442e-08   1.000000  0.000082       -0.000160        0.000160             0.999840             1.000160     0.0 -0.000343  0.999726  0.000395             
ABCC1                             -2.815591e-08   1.000000  0.000057       -0.000111        0.000111             0.999889             1.000111     0.0 -0.000498  0.999603  0.000573             
CDK4                              -2.873463e-08   1.000000  0.000076       -0.000149        0.000149             0.999851             1.000149     0.0 -0.000379  0.999698  0.000436             
GSTP1                             -3.084111e-08   1.000000  0.000076       -0.000148        0.000148             0.999852             1.000148     0.0 -0.000408  0.999675  0.000469             
MET                               -3.226462e-08   1.000000  0.000057       -0.000111        0.000111             0.999889             1.000111     0.0 -0.000570  0.999545  0.000656             
PARP1                             -3.294314e-08   1.000000  0.000099       -0.000195        0.000195             0.999805             1.000195     0.0 -0.000332  0.999735  0.000382             
ALK                               -3.995017e-08   1.000000  0.000094       -0.000184        0.000184             0.999816             1.000184     0.0 -0.000426  0.999660  0.000490             
FANCD2                            -4.256767e-08   1.000000  0.000203       -0.000398        0.000398             0.999602             1.000398     0.0 -0.000210  0.999833  0.000242             
NFE2L2                            -4.564735e-08   1.000000  0.000112       -0.000220        0.000220             0.999780             1.000220     0.0 -0.000406  0.999676  0.000468             
HERPUD1                           -4.647558e-08   1.000000  0.000136       -0.000267        0.000267             0.999733             1.000267     0.0 -0.000341  0.999728  0.000393             
CDKN1A                            -4.731867e-08   1.000000  0.000069       -0.000135        0.000135             0.999865             1.000135     0.0 -0.000686  0.999452  0.000790             
CCND1                             -4.899281e-08   1.000000  0.000058       -0.000114        0.000114             0.999886             1.000114     0.0 -0.000840  0.999330  0.000967             
VEGFA                             -5.147483e-08   1.000000  0.000067       -0.000132        0.000132             0.999868             1.000132     0.0 -0.000765  0.999389  0.000881             
TP53                              -5.270601e-08   1.000000  0.000080       -0.000157        0.000157             0.999843             1.000157     0.0 -0.000660  0.999474  0.000760             
BAX                               -5.571239e-08   1.000000  0.000099       -0.000194        0.000194             0.999806             1.000194     0.0 -0.000562  0.999551  0.000648             
BCL2                              -6.792345e-08   1.000000  0.000165       -0.000323        0.000323             0.999677             1.000323     0.0 -0.000412  0.999671  0.000475             
MLH1                              -6.881526e-08   1.000000  0.000130       -0.000255        0.000255             0.999745             1.000255     0.0 -0.000528  0.999579  0.000608             
SPARC                             -7.222182e-08   1.000000  0.000084       -0.000164        0.000164             0.999836             1.000164     0.0 -0.000861  0.999313  0.000992             
ERCC1                             -7.778186e-08   1.000000  0.000108       -0.000212        0.000212             0.999788             1.000212     0.0 -0.000718  0.999427  0.000826             
XRCC1                             -8.045355e-08   1.000000  0.000152       -0.000297        0.000297             0.999703             1.000297     0.0 -0.000531  0.999576  0.000611             
Race_Unknown                      -8.819298e-08   1.000000  0.000131       -0.000257        0.000257             0.999743             1.000257     0.0 -0.000674  0.999463  0.000776             
APAF1                             -1.287803e-07   1.000000  0.000205       -0.000402        0.000402             0.999598             1.000402     0.0 -0.000628  0.999499  0.000723             
DNMT3A                            -1.430998e-07   1.000000  0.000148       -0.000290        0.000289             0.999710             1.000289     0.0 -0.000969  0.999227  0.001115             
MTHFR                             -1.685660e-07   1.000000  0.000207       -0.000405        0.000405             0.999595             1.000405     0.0 -0.000816  0.999349  0.000939             
Histology_Adenocarcinoma          -1.830048e-07   1.000000  0.000187       -0.000367        0.000367             0.999633             1.000367     0.0 -0.000978  0.999220  0.001126             
ATG7                              -2.241187e-07   1.000000  0.000229       -0.000450        0.000449             0.999550             1.000449     0.0 -0.000977  0.999220  0.001125             
Stage_I                           -2.645788e-07   1.000000  0.000308       -0.000603        0.000603             0.999397             1.000603     0.0 -0.000860  0.999314  0.000990             
ERBB3                             -3.196978e-07   1.000000  0.000325       -0.000637        0.000637             0.999363             1.000637     0.0 -0.000984  0.999215  0.001133             
Race_White                        -3.293512e-07   1.000000  0.000371       -0.000727        0.000727             0.999273             1.000727     0.0 -0.000888  0.999292  0.001022             
Stage_IA                          -4.714026e-01   0.624126  0.221072       -0.904696       -0.038109             0.404665             0.962608     0.0 -2.132346  0.032978  4.922334            *

Model metrics: -539.7170
0.7551

Train Concordance = 0.755
Concordance on test set = 0.596
Partial AIC = 1315.434
log-likelihood ratio test = 4.803 on 118 df
-log2(p) of ll-ratio test = -0.000