                                       coef  exp(coef)  se(coef)  coef lower 95%  coef upper 95%  exp(coef) lower 95%  exp(coef) upper 95%  cmp to         z         p  -log2(p) significance
covariate                                                                                                                                                                                    
Stage_IIIA                         1.385307   3.996054  0.596582        0.216027        2.554587             1.241136            12.865988     0.0  2.322072  0.020229  5.627428            *
Histology_Large Cell Carcinoma     0.641730   1.899765  0.515470       -0.368573        1.652033             0.691721             5.217574     0.0  1.244941  0.213153  2.230037             
Stage_IIIB                         0.586446   1.797588  0.505696       -0.404700        1.577591             0.667177             4.843275     0.0  1.159681  0.246179  2.022221             
Stage_IIA                          0.367018   1.443424  0.545996       -0.703114        1.437150             0.495042             4.208682     0.0  0.672200  0.501457  0.995803             
Stage_IIB                          0.354103   1.424902  0.233203       -0.102967        0.811172             0.902157             2.250544     0.0  1.518432  0.128906  2.955613             
Adjuvant Chemo                     0.322597   1.380709  0.312097       -0.289102        0.934296             0.748936             2.545421     0.0  1.033643  0.301303  1.730713             
Stage_II                           0.270268   1.310316  0.243062       -0.206124        0.746661             0.813733             2.109942     0.0  1.111934  0.266167  1.909599             
ATM                                0.266395   1.305250  0.359590       -0.438389        0.971179             0.645075             2.641056     0.0  0.740829  0.458797  1.124071             
Smoked?                            0.218665   1.244415  0.177522       -0.129272        0.566603             0.878735             1.762270     0.0  1.231763  0.218038  2.197351             
FGFR1                              0.213155   1.237576  0.177109       -0.133973        0.560282             0.874614             1.751167     0.0  1.203521  0.228775  2.128000             
Sex                                0.209886   1.233537  0.157699       -0.099199        0.518971             0.905562             1.680298     0.0  1.330923  0.183214  2.448395             
CUL3                               0.192009   1.211682  0.159798       -0.121188        0.505207             0.885867             1.657328     0.0  1.201578  0.229527  2.123263             
BRAF                               0.186306   1.204791  0.195650       -0.197161        0.569774             0.821058             1.767867     0.0  0.952242  0.340974  1.552265             
XRCC3                              0.177179   1.193844  0.230575       -0.274740        0.629097             0.759770             1.875916     0.0  0.768420  0.442237  1.177107             
HIF1A                              0.176167   1.192638  0.175890       -0.168571        0.520905             0.844872             1.683551     0.0  1.001577  0.316548  1.659504             
ACTB                               0.172639   1.188437  0.361369       -0.535631        0.880909             0.585300             2.413093     0.0  0.477737  0.632837  0.660093             
CDH1                               0.162548   1.176505  0.131880       -0.095932        0.421029             0.908526             1.523529     0.0  1.232545  0.217745  2.199286             
BRCC3                              0.155761   1.168547  0.143690       -0.125866        0.437389             0.881733             1.548658     0.0  1.084009  0.278361  1.844973             
MCL1                               0.155429   1.168159  0.185940       -0.209007        0.519865             0.811389             1.681801     0.0  0.835907  0.403207  1.310407             
GAPDH                              0.136972   1.146796  0.196907       -0.248960        0.522904             0.779611             1.686919     0.0  0.695616  0.486669  1.038986             
RRM1                               0.135027   1.144568  0.160938       -0.180405        0.450459             0.834932             1.569032     0.0  0.839002  0.401468  1.316643             
RAD50                              0.135004   1.144541  0.160256       -0.179092        0.449100             0.836029             1.566901     0.0  0.842427  0.399549  1.323555             
SNAI1                              0.133847   1.143217  0.213154       -0.283929        0.551622             0.752820             1.736066     0.0  0.627932  0.530048  0.915804             
DUT                                0.118920   1.126280  0.188255       -0.250053        0.487893             0.778759             1.628881     0.0  0.631696  0.527585  0.922523             
EGFR                               0.118642   1.125966  0.149279       -0.173939        0.411222             0.840348             1.508661     0.0  0.794766  0.426749  1.228539             
CHEK1                              0.108896   1.115047  0.125952       -0.137965        0.355758             0.871129             1.427261     0.0  0.864587  0.387266  1.368605             
ERBB2                              0.107527   1.113521  0.178678       -0.242675        0.457729             0.784526             1.580481     0.0  0.601793  0.547312  0.869564             
MRE11                              0.106040   1.111867  0.207077       -0.299824        0.511905             0.740949             1.668466     0.0  0.512081  0.608594  0.716448             
POLE                               0.104774   1.110460  0.214148       -0.314948        0.524496             0.729827             1.689607     0.0  0.489259  0.624658  0.678862             
E2F1                               0.104527   1.110186  0.262971       -0.410887        0.619942             0.663062             1.858820     0.0  0.397486  0.691009  0.533223             
PDK1                               0.093847   1.098392  0.141365       -0.183223        0.370917             0.832583             1.449063     0.0  0.663865  0.506777  0.980577             
RAD51                              0.091371   1.095675  0.165382       -0.232772        0.415514             0.792334             1.515149     0.0  0.552482  0.580618  0.784338             
ABCB1                              0.072518   1.075212  0.137370       -0.196722        0.341757             0.821419             1.407419     0.0  0.527901  0.597568  0.742825             
CASP3                              0.068475   1.070874  0.186834       -0.297713        0.434663             0.742515             1.544443     0.0  0.366504  0.713989  0.486026             
Stage_IB                           0.068258   1.070642  0.175157       -0.275042        0.411559             0.759540             1.509168     0.0  0.389698  0.696760  0.521266             
CDK6                               0.068065   1.070435  0.125777       -0.178453        0.314582             0.836564             1.369687     0.0  0.541158  0.588399  0.765134             
TWIST1                             0.064349   1.066465  0.056655       -0.046693        0.175392             0.954380             1.191713     0.0  1.135801  0.256040  1.965561             
CCNB1                              0.062598   1.064598  0.086533       -0.107005        0.232200             0.898521             1.261372     0.0  0.723392  0.469439  1.090991             
KRAS                               0.060826   1.062714  0.282762       -0.493378        0.615030             0.610560             1.849712     0.0  0.215113  0.829679  0.269375             
POLD1                              0.057791   1.059493  0.198386       -0.331038        0.446619             0.718178             1.563019     0.0  0.291304  0.770819  0.375537             
AKT1                               0.055925   1.057519  0.186695       -0.309991        0.421842             0.733454             1.524767     0.0  0.299554  0.764517  0.387379             
CASP9                              0.055181   1.056732  0.221628       -0.379201        0.489563             0.684408             1.631603     0.0  0.248980  0.803376  0.315853             
STK11                              0.054730   1.056256  0.230444       -0.396931        0.506392             0.672380             1.659293     0.0  0.237500  0.812269  0.299971             
BRIP1                              0.054342   1.055845  0.150511       -0.240654        0.349338             0.786114             1.418128     0.0  0.361049  0.718063  0.477818             
Race_Caucasian                     0.053141   1.054578  0.276389       -0.488571        0.594853             0.613502             1.812764     0.0  0.192268  0.847532  0.238660             
MSH2                               0.051019   1.052343  0.130616       -0.204984        0.307023             0.814660             1.359372     0.0  0.390605  0.696089  0.522656             
SOD2                               0.037840   1.038565  0.116386       -0.190272        0.265953             0.826734             1.304673     0.0  0.325128  0.745085  0.424524             
BAX                                0.035759   1.036406  0.189362       -0.335383        0.406901             0.715064             1.502156     0.0  0.188840  0.850218  0.234095             
NKX2-1                             0.030439   1.030907  0.069489       -0.105758        0.166636             0.899642             1.181324     0.0  0.438034  0.661361  0.596490             
MYC                                0.029929   1.030381  0.083247       -0.133232        0.193089             0.875262             1.212991     0.0  0.359520  0.719206  0.475522             
SOX2                               0.029223   1.029654  0.079579       -0.126750        0.185196             0.880954             1.203454     0.0  0.367216  0.713458  0.487100             
PKM                                0.021001   1.021223  0.155607       -0.283983        0.325985             0.752780             1.385394     0.0  0.134961  0.892642  0.163846             
PRC1                               0.014509   1.014615  0.089680       -0.161260        0.190279             0.851071             1.209587     0.0  0.161790  0.871471  0.198475             
Age                                0.013837   1.013933  0.008330       -0.002490        0.030163             0.997513             1.030623     0.0  1.661057  0.096702  3.370309             
SIRT1                              0.013809   1.013904  0.150468       -0.281104        0.308721             0.754950             1.361682     0.0  0.091771  0.926880  0.109545             
RAD17                              0.013760   1.013855  0.258088       -0.492084        0.519603             0.611351             1.681360     0.0  0.053313  0.957482  0.062683             
CD8A                               0.008835   1.008874  0.083312       -0.154454        0.172124             0.856883             1.187825     0.0  0.106049  0.915544  0.127299             
SLFN11                             0.007765   1.007795  0.114145       -0.215954        0.231485             0.805772             1.260470     0.0  0.068029  0.945763  0.080450             
CDKN1B                             0.004554   1.004564  0.176062       -0.340521        0.349629             0.711400             1.418541     0.0  0.025866  0.979365  0.030082             
SMARCA4                            0.002866   1.002870  0.166452       -0.323373        0.329105             0.723704             1.389724     0.0  0.017218  0.986263  0.019956             
TLE1                               0.001488   1.001489  0.151478       -0.295404        0.298380             0.744231             1.347673     0.0  0.009822  0.992164  0.011350             
MCM4                              -0.000746   0.999254  0.117269       -0.230589        0.229097             0.794066             1.257464     0.0 -0.006361  0.994924  0.007341             
BRCA1                             -0.001666   0.998335  0.185913       -0.366050        0.362717             0.693468             1.437230     0.0 -0.008962  0.992849  0.010353             
MCM2                              -0.005690   0.994326  0.105593       -0.212649        0.201268             0.808440             1.222952     0.0 -0.053890  0.957022  0.063375             
VIM                               -0.007330   0.992697  0.151403       -0.304073        0.289414             0.737807             1.335644     0.0 -0.048413  0.961387  0.056811             
MDM2                              -0.023901   0.976383  0.158928       -0.335394        0.287593             0.715056             1.333214     0.0 -0.150388  0.880459  0.183672             
GSTP1                             -0.023927   0.976357  0.151631       -0.321119        0.273265             0.725337             1.314249     0.0 -0.157798  0.874616  0.193278             
CD274                             -0.026257   0.974085  0.113899       -0.249496        0.196982             0.779194             1.217722     0.0 -0.230528  0.817682  0.290389             
CDC20                             -0.027668   0.972711  0.078715       -0.181947        0.126610             0.833646             1.134974     0.0 -0.351502  0.725212  0.463526             
TYMS                              -0.031266   0.969218  0.099875       -0.227017        0.164485             0.796907             1.178786     0.0 -0.313051  0.754242  0.406901             
ARID1A                            -0.032631   0.967896  0.171684       -0.369125        0.303863             0.691339             1.355084     0.0 -0.190064  0.849259  0.235724             
FANCA                             -0.035564   0.965061  0.227531       -0.481517        0.410389             0.617845             1.507405     0.0 -0.156303  0.875794  0.191336             
TUBB3                             -0.037582   0.963115  0.153949       -0.339317        0.264152             0.712257             1.302326     0.0 -0.244122  0.807136  0.309116             
DNMT1                             -0.040915   0.959911  0.192972       -0.419133        0.337303             0.657617             1.401164     0.0 -0.212026  0.832087  0.265194             
Histology_Squamous Cell Carcinoma -0.041757   0.959103  0.248921       -0.529633        0.446120             0.588821             1.562239     0.0 -0.167750  0.866780  0.206262             
GSTM1                             -0.041874   0.958990  0.106136       -0.249898        0.166149             0.778881             1.180749     0.0 -0.394532  0.693189  0.528680             
CDKN2A                            -0.043642   0.957297  0.056601       -0.154578        0.067294             0.856777             1.069610     0.0 -0.771047  0.440679  1.182199             
MTHFD2                            -0.054958   0.946525  0.152433       -0.353721        0.243804             0.702071             1.276094     0.0 -0.360541  0.718442  0.477056             
MSH6                              -0.065448   0.936648  0.244671       -0.544995        0.414099             0.579845             1.513007     0.0 -0.267493  0.789090  0.341739             
ABCC1                             -0.068709   0.933598  0.112557       -0.289316        0.151898             0.748776             1.164041     0.0 -0.610439  0.541571  0.884778             
CHEK2                             -0.073445   0.929188  0.139855       -0.347555        0.200666             0.706413             1.222217     0.0 -0.525148  0.599480  0.738216             
RB1                               -0.077720   0.925224  0.233719       -0.535800        0.380361             0.585201             1.462813     0.0 -0.332534  0.739486  0.435406             
CCND1                             -0.078751   0.924270  0.089853       -0.254859        0.097356             0.775025             1.102253     0.0 -0.876451  0.380785  1.392953             
ATR                               -0.079220   0.923837  0.177542       -0.427196        0.268756             0.652336             1.308336     0.0 -0.446205  0.655449  0.609444             
KEAP1                             -0.080997   0.922197  0.162197       -0.398897        0.236903             0.671060             1.267319     0.0 -0.499372  0.617517  0.695449             
SPARC                             -0.081539   0.921696  0.134338       -0.344837        0.181758             0.708336             1.199324     0.0 -0.606971  0.543870  0.878667             
ALK                               -0.084535   0.918940  0.177068       -0.431581        0.262512             0.649481             1.300192     0.0 -0.477413  0.633068  0.659568             
KDM5B                             -0.086495   0.917140  0.166304       -0.412445        0.239456             0.662030             1.270557     0.0 -0.520099  0.602994  0.729784             
MET                               -0.089489   0.914398  0.104243       -0.293802        0.114823             0.745424             1.121675     0.0 -0.858468  0.390634  1.356110             
CDKN1A                            -0.100877   0.904045  0.122912       -0.341780        0.140026             0.710505             1.150304     0.0 -0.820723  0.411804  1.279970             
MLH1                              -0.101031   0.903905  0.233072       -0.557843        0.355782             0.572443             1.427296     0.0 -0.433474  0.664670  0.589290             
GTF2I                             -0.101574   0.903415  0.190104       -0.474171        0.271024             0.622401             1.311307     0.0 -0.534304  0.593131  0.753577             
Race_Unknown                      -0.103172   0.901972  0.252385       -0.597837        0.391493             0.550000             1.479188     0.0 -0.408787  0.682696  0.550685             
PIK3CA                            -0.107460   0.898113  0.173724       -0.447952        0.233033             0.638935             1.262423     0.0 -0.618567  0.536202  0.899152             
CDK4                              -0.107831   0.897779  0.150074       -0.401971        0.186309             0.669000             1.204794     0.0 -0.718518  0.472438  1.081803             
PTEN                              -0.109675   0.896125  0.184256       -0.470811        0.251460             0.624495             1.285902     0.0 -0.595233  0.551688  0.858076             
TP53                              -0.119170   0.887657  0.140657       -0.394852        0.156512             0.673780             1.169425     0.0 -0.847239  0.396862  1.333291             
FANCD2                            -0.119704   0.887183  0.422055       -0.946917        0.707509             0.387935             2.028931     0.0 -0.283621  0.776700  0.364570             
CCNE1                             -0.120302   0.886653  0.183156       -0.479280        0.238676             0.619229             1.269567     0.0 -0.656830  0.511290  0.967786             
NBN                               -0.127059   0.880681  0.139299       -0.400080        0.145961             0.670267             1.157151     0.0 -0.912136  0.361697  1.467145             
ATG5                              -0.139964   0.869389  0.137345       -0.409156        0.129228             0.664211             1.137949     0.0 -1.019068  0.308171  1.698198             
HERPUD1                           -0.145609   0.864496  0.277994       -0.690467        0.399249             0.501342             1.490705     0.0 -0.523784  0.600429  0.735935             
XRCC2                             -0.147418   0.862933  0.209088       -0.557222        0.262386             0.572798             1.300029     0.0 -0.705053  0.480777  1.056559             
VEGFA                             -0.152315   0.858717  0.116356       -0.380369        0.075738             0.683609             1.078680     0.0 -1.309048  0.190518  2.392000             
APAF1                             -0.152656   0.858425  0.367679       -0.873293        0.567981             0.417574             1.764701     0.0 -0.415188  0.678004  0.560634             
NFE2L2                            -0.178696   0.836360  0.227902       -0.625377        0.267984             0.535060             1.307327     0.0 -0.784090  0.432987  1.207604             
ERCC1                             -0.180760   0.834636  0.186505       -0.546303        0.184783             0.579087             1.202957     0.0 -0.969197  0.332447  1.588803             
Histology_Adenocarcinoma          -0.182297   0.833354  0.236098       -0.645040        0.280447             0.524641             1.323721     0.0 -0.772123  0.440042  1.184288             
XRCC1                             -0.206359   0.813541  0.280345       -0.755826        0.343108             0.469623             1.409321     0.0 -0.736088  0.461677  1.115044             
PARP1                             -0.217626   0.804426  0.209290       -0.627827        0.192575             0.533750             1.212367     0.0 -1.039830  0.298419  1.744589             
BCL2                              -0.288504   0.749384  0.314238       -0.904399        0.327391             0.404785             1.387343     0.0 -0.918108  0.358563  1.479703             
MTHFR                             -0.295480   0.744175  0.338033       -0.958012        0.367052             0.383655             1.443473     0.0 -0.874116  0.382055  1.388147             
ATG7                              -0.307208   0.735498  0.284307       -0.864440        0.250024             0.421287             1.284056     0.0 -1.080549  0.279898  1.837028             
DNMT3A                            -0.345189   0.708086  0.187764       -0.713199        0.022821             0.490074             1.023084     0.0 -1.838422  0.066000  3.921385             
Race_White                        -0.420782   0.656533  0.584968       -1.567297        0.725734             0.208608             2.066247     0.0 -0.719325  0.471941  1.083322             
ERBB3                             -0.457963   0.632571  0.365286       -1.173909        0.257984             0.309156             1.294318     0.0 -1.253711  0.209947  2.251902             
Stage_I                           -0.463082   0.629341  0.477498       -1.398961        0.472797             0.246853             1.604476     0.0 -0.969809  0.332142  1.590129             
Stage_IA                          -0.489238   0.613094  0.180428       -0.842870       -0.135605             0.430473             0.873187     0.0 -2.711538  0.006697  7.222230           **

Model metrics: -494.4803
0.8412

Train Concordance = 0.841
Concordance on test set = 0.630
Partial AIC = 1224.961
log-likelihood ratio test = 95.277 on 118 df
-log2(p) of ll-ratio test = 0.092