                                       coef  exp(coef)  se(coef)  coef lower 95%  coef upper 95%  exp(coef) lower 95%  exp(coef) upper 95%  cmp to         z         p  -log2(p) significance
covariate                                                                                                                                                                                    
Stage_IIIA                         1.103416   3.014445  0.559377        0.007058        2.199774             1.007083             9.022973     0.0  1.972581  0.048543  4.364584            *
Histology_Large Cell Carcinoma     0.595429   1.813808  0.493730       -0.372264        1.563122             0.689172             4.773700     0.0  1.205980  0.227825  2.134002             
Stage_IIA                          0.491310   1.634456  0.531288       -0.549994        1.532615             0.576953             4.630269     0.0  0.924754  0.355094  1.493727             
Stage_IIIB                         0.442637   1.556808  0.480031       -0.498206        1.383481             0.607619             3.988763     0.0  0.922101  0.356476  1.488124             
Stage_II                           0.379874   1.462100  0.237934       -0.086468        0.846215             0.917165             2.330807     0.0  1.596553  0.110365  3.179641             
Stage_IIB                          0.367325   1.443867  0.228906       -0.081323        0.815973             0.921896             2.261375     0.0  1.604695  0.108561  3.203423             
ATM                                0.354689   1.425738  0.339475       -0.310669        1.020048             0.732956             2.773327     0.0  1.044818  0.296107  1.755808             
Adjuvant Chemo                     0.329085   1.389696  0.306707       -0.272050        0.930220             0.761816             2.535066     0.0  1.072961  0.283289  1.819655             
BRAF                               0.226784   1.254558  0.183397       -0.132667        0.586235             0.875756             1.797209     0.0  1.236574  0.216245  2.209260             
Smoked?                            0.188072   1.206921  0.174822       -0.154572        0.530717             0.856781             1.700150     0.0  1.075793  0.282020  1.826132             
Sex                                0.177112   1.193765  0.153780       -0.124291        0.478515             0.883123             1.613676     0.0  1.151722  0.249435  2.003263             
BRCA2                              0.118779   1.126121  0.237775       -0.347252        0.584810             0.706628             1.794651     0.0  0.499545  0.617396  0.695733             
EGFR                               0.108238   1.114313  0.139326       -0.164837        0.381312             0.848032             1.464205     0.0  0.776865  0.437238  1.193509             
BRCA1                              0.048425   1.049617  0.160887       -0.266909        0.363759             0.765743             1.438727     0.0  0.300987  0.763425  0.389442             
STK11                              0.047890   1.049055  0.220269       -0.383830        0.479609             0.681247             1.615443     0.0  0.217414  0.827886  0.272496             
Stage_IB                           0.041017   1.041870  0.171557       -0.295228        0.377262             0.744362             1.458287     0.0  0.239087  0.811038  0.302158             
KRAS                               0.029716   1.030162  0.266564       -0.492740        0.552171             0.610950             1.737021     0.0  0.111478  0.911237  0.134101             
Race_Caucasian                     0.027780   1.028170  0.275864       -0.512903        0.568464             0.598755             1.765553     0.0  0.100703  0.919786  0.120630             
MYC                                0.021225   1.021452  0.074773       -0.125328        0.167778             0.882208             1.182674     0.0  0.283861  0.776517  0.364910             
Age                                0.015169   1.015284  0.008140       -0.000786        0.031123             0.999215             1.031612     0.0  1.863454  0.062398  4.002348             
MDM2                              -0.015417   0.984701  0.152336       -0.313991        0.283157             0.730526             1.327313     0.0 -0.101204  0.919389  0.121253             
RB1                               -0.019355   0.980831  0.222981       -0.456391        0.417680             0.633566             1.518435     0.0 -0.086803  0.930828  0.103414             
SMARCA4                           -0.030152   0.970298  0.155220       -0.334378        0.274074             0.715783             1.315312     0.0 -0.194253  0.845978  0.241309             
CDKN2A                            -0.030394   0.970063  0.052970       -0.134212        0.073425             0.874404             1.076187     0.0 -0.573798  0.566104  0.820860             
PIK3CA                            -0.036850   0.963821  0.157748       -0.346032        0.272331             0.707490             1.313022     0.0 -0.233601  0.815295  0.294606             
PIK3R1                            -0.041471   0.959377  0.109683       -0.256446        0.173504             0.773797             1.189465     0.0 -0.378101  0.705355  0.503578             
Histology_Squamous Cell Carcinoma -0.064632   0.937412  0.245456       -0.545718        0.416453             0.579426             1.516573     0.0 -0.263315  0.792308  0.335867             
KEAP1                             -0.088522   0.915283  0.149937       -0.382393        0.205348             0.682227             1.227953     0.0 -0.590397  0.554925  0.849637             
ALK                               -0.089039   0.914810  0.175245       -0.432513        0.254434             0.648877             1.289732     0.0 -0.508084  0.611394  0.709825             
PTEN                              -0.093847   0.910422  0.175054       -0.436947        0.249252             0.646005             1.283066     0.0 -0.536106  0.591886  0.756610             
MET                               -0.094479   0.909846  0.097903       -0.286366        0.097407             0.750988             1.102309     0.0 -0.965033  0.334528  1.579799             
Race_Unknown                      -0.125108   0.882402  0.252017       -0.619052        0.368836             0.538455             1.446051     0.0 -0.496426  0.619594  0.690605             
Histology_Adenocarcinoma          -0.142896   0.866844  0.232743       -0.599064        0.313272             0.549325             1.367893     0.0 -0.613966  0.539238  0.891006             
TP53                              -0.155639   0.855868  0.130334       -0.411090        0.099812             0.662927             1.104963     0.0 -1.194151  0.232419  2.105201             
Stage_I                           -0.350249   0.704513  0.482446       -1.295825        0.595328             0.273672             1.813627     0.0 -0.725985  0.467848  1.095888             
NF1                               -0.416542   0.659323  0.287636       -0.980298        0.147215             0.375199             1.158603     0.0 -1.448155  0.147574  2.760493             
Race_White                        -0.466789   0.627013  0.578053       -1.599751        0.666174             0.201947             1.946774     0.0 -0.807519  0.419367  1.253714             
Stage_IA                          -0.509502   0.600795  0.177899       -0.858178       -0.160826             0.423934             0.851440     0.0 -2.863991  0.004183  7.901108           **

Model metrics: -515.5407
0.7614

Train Concordance = 0.761
Concordance on test set = 0.637
Partial AIC = 1107.081
log-likelihood ratio test = 53.156 on 38 df
-log2(p) of ll-ratio test = 4.260