                                           coef  exp(coef)  se(coef)  coef lower 95%  coef upper 95%  exp(coef) lower 95%  exp(coef) upper 95%  cmp to         z         p   -log2(p) significance
covariate                                                                                                                                                                                         
Stage_IIIA                         2.691061e+00  14.747321  0.934335        0.859799        4.522324             2.362685            92.049285     0.0  2.880189  0.003974   7.975061           **
V10714                             1.732143e+00   5.652757  0.921413       -0.073793        3.538080             0.928864            34.400808     0.0  1.879877  0.060125   4.055894             
Stage_IIIB                         1.621939e+00   5.062896  0.921611       -0.184386        3.428263             0.831615            30.823047     0.0  1.759895  0.078426   3.672532             
V1278                              1.400011e+00   4.055245  0.828816       -0.224438        3.024460             0.798965            20.582894     0.0  1.689170  0.091187   3.455030             
Histology_Large Cell Carcinoma     9.870971e-01   2.683433  0.790868       -0.562976        2.537170             0.569512            12.643841     0.0  1.248118  0.211988   2.237947             
V10358                             9.807086e-01   2.666345  0.877360       -0.738886        2.700303             0.477646            14.884247     0.0  1.117794  0.263655   1.923278             
V11050                             8.969442e-01   2.452099  0.930135       -0.926088        2.719976             0.396100            15.179961     0.0  0.964316  0.334888   1.578251             
V3836                              7.968300e-01   2.218497  1.036612       -1.234892        2.828552             0.290866            16.920934     0.0  0.768687  0.442079   1.177624             
V13767                             7.467483e-01   2.110127  0.356799        0.047436        1.446061             1.048579             4.246354     0.0  2.092913  0.036357   4.781625            *
V4652                              7.107866e-01   2.035592  0.346331        0.031991        1.389582             1.032508             4.013172     0.0  2.052336  0.040137   4.638922            *
V6967                              7.082960e-01   2.030528  0.376710       -0.030042        1.446634             0.970405             4.248789     0.0  1.880215  0.060079   4.057002             
Stage_IIB                          6.314263e-01   1.880291  0.370506       -0.094752        1.357604             0.909599             3.886870     0.0  1.704228  0.088338   3.500814             
V16090                             6.060407e-01   1.833159  0.607109       -0.583871        1.795953             0.557735             6.025213     0.0  0.998240  0.318163   1.652162             
V39                                5.881965e-01   1.800738  0.840010       -1.058192        2.234585             0.347083             9.342605     0.0  0.700226  0.483786   1.047558             
V1632                              5.804823e-01   1.786900  0.395368       -0.194425        1.355390             0.823308             3.878272     0.0  1.468207  0.142048   2.815549             
V18574                             5.616329e-01   1.753533  0.561748       -0.539373        1.662638             0.583114             5.273206     0.0  0.999795  0.317410   1.655582             
V16002                             5.105960e-01   1.666284  0.497915       -0.465299        1.486491             0.627948             4.421551     0.0  1.025469  0.305142   1.712448             
V8208                              4.773516e-01   1.611800  0.286582       -0.084339        1.039042             0.919120             2.826508     0.0  1.665671  0.095779   3.384149             
V12279                             4.739868e-01   1.606386  0.474092       -0.455216        1.403190             0.634311             4.068155     0.0  0.999779  0.317418   1.655546             
V4083                              4.659582e-01   1.593540  0.668036       -0.843368        1.775284             0.430259             5.901957     0.0  0.697505  0.485487   1.042496             
V12352                             4.440363e-01   1.558987  0.955959       -1.429608        2.317681             0.239403            10.152102     0.0  0.464493  0.642294   0.638693             
V17158                             4.380695e-01   1.549713  0.806195       -1.142043        2.018182             0.319166             7.524632     0.0  0.543379  0.586869   0.768891             
V1516                              4.106415e-01   1.507785  0.582360       -0.730764        1.552047             0.481541             4.721124     0.0  0.705133  0.480727   1.056709             
V10393                             3.846267e-01   1.469066  1.221012       -2.008514        2.777767             0.134188            16.083065     0.0  0.315006  0.752757   0.409744             
V16649                             3.841796e-01   1.468409  0.405364       -0.410320        1.178679             0.663438             3.250079     0.0  0.947739  0.343262   1.542616             
V21280                             3.625956e-01   1.437055  0.241850       -0.111421        0.836613             0.894562             2.308534     0.0  1.499259  0.133806   2.901781             
V18946                             3.236754e-01   1.382199  0.380525       -0.422141        1.069491             0.655642             2.913897     0.0  0.850601  0.394991   1.340109             
V16536                             3.030954e-01   1.354044  0.507471       -0.691529        1.297719             0.500810             3.660938     0.0  0.597267  0.550329   0.861633             
V12948                             2.944627e-01   1.342405  0.703093       -1.083575        1.672500             0.338384             5.325466     0.0  0.418810  0.675355   0.566282             
V14296                             2.866554e-01   1.331965  0.318727       -0.338037        0.911348             0.713169             2.487673     0.0  0.899377  0.368452   1.440452             
Sex                                2.806173e-01   1.323947  0.336454       -0.378820        0.940055             0.684669             2.560121     0.0  0.834044  0.404256   1.306659             
V4686                              2.764354e-01   1.318422  0.233336       -0.180896        0.733766             0.834522             2.082911     0.0  1.184707  0.236133   2.082327             
V17864                             2.533917e-01   1.288388  0.185456       -0.110095        0.616878             0.895749             1.853134     0.0  1.366319  0.171839   2.540871             
V20976                             2.531898e-01   1.288128  0.295474       -0.325929        0.832308             0.721857             2.298619     0.0  0.856894  0.391504   1.352902             
V11084                             2.501086e-01   1.284165  0.121297        0.012371        0.487847             1.012447             1.628805     0.0  2.061949  0.039213   4.672540            *
V7574                              2.473884e-01   1.280676  0.351911       -0.442345        0.937122             0.642528             2.552624     0.0  0.702985  0.482065   1.052700             
V10299                             2.464983e-01   1.279537  0.418704       -0.574147        1.067144             0.563185             2.907065     0.0  0.588717  0.556051   0.846710             
V16606                             2.008715e-01   1.222468  0.454887       -0.690690        1.092433             0.501230             2.981520     0.0  0.441586  0.658789   0.602112             
Smoked?                            1.984736e-01   1.219540  0.384348       -0.554834        0.951781             0.574168             2.590319     0.0  0.516391  0.605581   0.723607             
V13589                             1.652971e-01   1.179744  0.279175       -0.381875        0.712469             0.682580             2.039020     0.0  0.592092  0.553789   0.852592             
V10147                             1.364425e-01   1.146189  0.436688       -0.719450        0.992335             0.487020             2.697527     0.0  0.312449  0.754700   0.406025             
Stage_II                           1.132145e-01   1.119872  0.439556       -0.748300        0.974729             0.473170             2.650448     0.0  0.257565  0.796742   0.327815             
V3412                              1.080541e-01   1.114108  0.846663       -1.551374        1.767483             0.211956             5.856092     0.0  0.127623  0.898447   0.154495             
V14426                             1.069755e-01   1.112907  0.463006       -0.800500        1.014451             0.449104             2.757849     0.0  0.231046  0.817279   0.291099             
V17728                             9.728341e-02   1.102173  0.130185       -0.157874        0.352441             0.853957             1.422536     0.0  0.747271  0.454900   1.136379             
V19545                             9.444553e-02   1.099049  0.175894       -0.250300        0.439191             0.778567             1.551452     0.0  0.536946  0.591305   0.758026             
V6276                              8.997320e-02   1.094145  0.128414       -0.161714        0.341660             0.850685             1.407282     0.0  0.700649  0.483522   1.048346             
V5844                              7.920011e-02   1.082421  0.411997       -0.728299        0.886699             0.482729             2.427105     0.0  0.192235  0.847558   0.238615             
Age                                4.314621e-02   1.044091  0.015772        0.012233        0.074059             1.012308             1.076870     0.0  2.735588  0.006227   7.327272           **
V2159                              3.816958e-02   1.038907  0.102723       -0.163165        0.239504             0.849451             1.270619     0.0  0.371576  0.710208   0.493686             
V19203                             3.745285e-02   1.038163  0.660952       -1.257990        1.332896             0.284225             3.792008     0.0  0.056665  0.954812   0.066711             
V6557                              3.728443e-02   1.037988  0.153473       -0.263517        0.338086             0.768344             1.402261     0.0  0.242938  0.808053   0.307477             
V8721                              3.350753e-02   1.034075  0.793226       -1.521187        1.588202             0.218452             4.894942     0.0  0.042242  0.966306   0.049448             
V12052                             2.038559e-02   1.020595  0.375990       -0.716541        0.757312             0.488439             2.132536     0.0  0.054218  0.956761   0.063769             
V7221                              1.976969e-02   1.019966  0.450024       -0.862261        0.901801             0.422206             2.464036     0.0  0.043930  0.964960   0.051459             
V3918                              1.155297e-02   1.011620  0.748527       -1.455533        1.478639             0.233276             4.386971     0.0  0.015434  0.987686   0.017876             
V4281                              4.475778e-06   1.000004  0.017893       -0.035065        0.035074             0.965543             1.035696     0.0  0.000250  0.999800   0.000288             
V4336                              1.907642e-06   1.000002  0.004727       -0.009262        0.009266             0.990781             1.009309     0.0  0.000404  0.999678   0.000465             
V9204                              1.430246e-06   1.000001  0.003113       -0.006099        0.006102             0.993920             1.006121     0.0  0.000460  0.999633   0.000529             
Adjuvant Chemo                     1.364836e-06   1.000001  0.003135       -0.006142        0.006145             0.993877             1.006164     0.0  0.000435  0.999653   0.000501             
V13296                             9.310636e-07   1.000001  0.003765       -0.007379        0.007381             0.992648             1.007408     0.0  0.000247  0.999803   0.000285             
V11462                             9.090364e-07   1.000001  0.002064       -0.004044        0.004046             0.995964             1.004054     0.0  0.000440  0.999649   0.000507             
V2240                              5.479109e-07   1.000001  0.001418       -0.002778        0.002779             0.997226             1.002783     0.0  0.000386  0.999692   0.000445             
V6772                              4.748325e-07   1.000000  0.001968       -0.003857        0.003858             0.996150             1.003865     0.0  0.000241  0.999808   0.000278             
V15192                             3.575166e-07   1.000000  0.000813       -0.001593        0.001594             0.998408             1.001595     0.0  0.000440  0.999649   0.000506             
V290                               2.402889e-07   1.000000  0.000700       -0.001372        0.001372             0.998629             1.001373     0.0  0.000343  0.999726   0.000395             
V17877                             1.948449e-07   1.000000  0.000579       -0.001135        0.001135             0.998866             1.001136     0.0  0.000336  0.999732   0.000387             
V8260                              9.937567e-08   1.000000  0.000438       -0.000857        0.000858             0.999143             1.000858     0.0  0.000227  0.999819   0.000261             
V12374                             3.421558e-09   1.000000  0.000527       -0.001033        0.001033             0.998968             1.001033     0.0  0.000006  0.999995   0.000007             
V4736                             -2.365340e-08   1.000000  0.000199       -0.000390        0.000390             0.999610             1.000390     0.0 -0.000119  0.999905   0.000137             
Stage_IB                          -6.360401e-08   1.000000  0.000689       -0.001351        0.001350             0.998650             1.001351     0.0 -0.000092  0.999926   0.000106             
V19631                            -1.773011e-07   1.000000  0.000695       -0.001363        0.001362             0.998638             1.001363     0.0 -0.000255  0.999796   0.000294             
Histology_Adenocarcinoma          -3.073352e-07   1.000000  0.000997       -0.001955        0.001954             0.998047             1.001956     0.0 -0.000308  0.999754   0.000355             
V1884                             -3.299176e-07   1.000000  0.000811       -0.001591        0.001590             0.998410             1.001591     0.0 -0.000407  0.999676   0.000468             
V15047                            -4.676272e-07   1.000000  0.001233       -0.002418        0.002417             0.997585             1.002420     0.0 -0.000379  0.999697   0.000437             
V2457                             -4.790534e-07   1.000000  0.002052       -0.004022        0.004021             0.995986             1.004029     0.0 -0.000233  0.999814   0.000269             
V11939                            -7.905359e-07   0.999999  0.002213       -0.004338        0.004337             0.995671             1.004346     0.0 -0.000357  0.999715   0.000411             
V4904                             -1.375341e-06   0.999999  0.003041       -0.005961        0.005959             0.994056             1.005976     0.0 -0.000452  0.999639   0.000521             
V1989                             -2.341081e-06   0.999998  0.006942       -0.013608        0.013604             0.986484             1.013697     0.0 -0.000337  0.999731   0.000388             
V8775                             -3.682407e-03   0.996324  0.229754       -0.453991        0.446627             0.635088             1.563031     0.0 -0.016028  0.987212   0.018568             
V16975                            -5.464624e-03   0.994550  0.159603       -0.318281        0.307352             0.727398             1.359819     0.0 -0.034239  0.972687   0.039953             
V13                               -7.356723e-03   0.992670  0.553559       -1.092312        1.077598             0.335440             2.937616     0.0 -0.013290  0.989397   0.015379             
V8485                             -1.972474e-02   0.980469  0.590852       -1.177774        1.138324             0.307964             3.121534     0.0 -0.033384  0.973369   0.038942             
V9223                             -5.952741e-02   0.942210  0.485589       -1.011265        0.892210             0.363759             2.440517     0.0 -0.122588  0.902433   0.148108             
Stage_IIA                         -6.731388e-02   0.934902  0.890799       -1.813247        1.678619             0.163124             5.358152     0.0 -0.075566  0.939765   0.089629             
V14913                            -7.355270e-02   0.929087  0.396221       -0.850132        0.703026             0.427359             2.019856     0.0 -0.185635  0.852731   0.229838             
V10921                            -7.428093e-02   0.928411  0.545203       -1.142859        0.994297             0.318906             2.702824     0.0 -0.136245  0.891628   0.165486             
V13702                            -1.259459e-01   0.881663  0.235056       -0.586648        0.334756             0.556188             1.397600     0.0 -0.535811  0.592089   0.756114             
V16555                            -1.292885e-01   0.878720  0.202353       -0.525894        0.267317             0.591027             1.306454     0.0 -0.638924  0.522872   0.935470             
V3661                             -1.810224e-01   0.834417  0.788286       -1.726035        1.363990             0.177989             3.911771     0.0 -0.229640  0.818371   0.289173             
V4189                             -1.866768e-01   0.829712  0.347630       -0.868019        0.494666             0.419782             1.639950     0.0 -0.536998  0.591269   0.758114             
V2179                             -2.081135e-01   0.812115  0.578509       -1.341970        0.925743             0.261330             2.523742     0.0 -0.359741  0.719041   0.475855             
V4710                             -2.363403e-01   0.789512  0.604689       -1.421509        0.948828             0.241350             2.582681     0.0 -0.390846  0.695911   0.523025             
Race_Caucasian                    -3.091275e-01   0.734087  1.114944       -2.494377        1.876122             0.082548             6.528137     0.0 -0.277258  0.781582   0.355531             
V4133                             -3.276455e-01   0.720618  0.301300       -0.918182        0.262891             0.399244             1.300685     0.0 -1.087441  0.276842   1.852866             
V17687                            -3.380681e-01   0.713147  0.961761       -2.223085        1.546948             0.108275             4.697114     0.0 -0.351510  0.725206   0.463537             
V14625                            -3.758448e-01   0.686709  0.553867       -1.461404        0.709714             0.231910             2.033410     0.0 -0.678583  0.497402   1.007516             
Stage_I                           -3.909019e-01   0.676447  1.232087       -2.805747        2.023944             0.060462             7.568112     0.0 -0.317268  0.751040   0.413038             
Histology_Squamous Cell Carcinoma -4.143139e-01   0.660793  0.397281       -1.192970        0.364342             0.303319             1.439567     0.0 -1.042874  0.297007   1.751433             
V19617                            -4.283444e-01   0.651587  0.299388       -1.015134        0.158445             0.362354             1.171687     0.0 -1.430734  0.152506   2.713058             
Race_Unknown                      -4.342478e-01   0.647752  1.093547       -2.577561        1.709065             0.075959             5.523795     0.0 -0.397100  0.691294   0.532630             
V751                              -5.536872e-01   0.574826  0.802023       -2.125623        1.018248             0.119359             2.768341     0.0 -0.690364  0.489966   1.029248             
V15944                            -6.031732e-01   0.547073  0.424230       -1.434649        0.228303             0.238199             1.256466     0.0 -1.421806  0.155082   2.688893             
V12277                            -7.355954e-01   0.479220  0.381028       -1.482397        0.011207             0.227093             1.011270     0.0 -1.930552  0.053538   4.223281             
V9825                             -7.652997e-01   0.465194  0.770820       -2.276079        0.745479             0.102686             2.107451     0.0 -0.992839  0.320789   1.640305             
V8491                             -8.146027e-01   0.442815  0.354250       -1.508920       -0.120285             0.221149             0.886668     0.0 -2.299513  0.021476   5.541142            *
V5291                             -9.460351e-01   0.388277  0.849290       -2.610612        0.718542             0.073490             2.051440     0.0 -1.113913  0.265316   1.914214             
V13620                            -9.781234e-01   0.376016  0.609286       -2.172303        0.216056             0.113915             1.241172     0.0 -1.605359  0.108415   3.205367             
V16774                            -1.084806e+00   0.337967  0.574884       -2.211558        0.041946             0.109530             1.042838     0.0 -1.887000  0.059160   4.079227             
V9881                             -1.327187e+00   0.265222  0.795564       -2.886464        0.232089             0.055773             1.261233     0.0 -1.668235  0.095269   3.391847             
Stage_IA                          -1.436026e+00   0.237871  0.411075       -2.241718       -0.630334             0.106276             0.532414     0.0 -3.493344  0.000477  11.033689          ***
V1130                             -1.458607e+00   0.232560  0.708778       -2.847787       -0.069427             0.057972             0.932928     0.0 -2.057918  0.039598   4.658427            *
V9585                             -1.466309e+00   0.230776  0.845234       -3.122938        0.190321             0.044028             1.209637     0.0 -1.734795  0.082777   3.594624             
V14393                            -1.549560e+00   0.212341  0.529970       -2.588283       -0.510838             0.075149             0.599993     0.0 -2.923863  0.003457   8.176194           **
V11846                            -1.656869e+00   0.190735  1.087357       -3.788050        0.474312             0.022640             1.606908     0.0 -1.523758  0.127569   2.970648             
Race_White                        -3.254715e+00   0.038592  1.783762       -6.750825        0.241395             0.001170             1.273023     0.0 -1.824635  0.068056   3.877131             

Model metrics: -452.9265
0.8922

Train Concordance = 0.892
Concordance on test set = 0.614
Partial AIC = 1137.853
log-likelihood ratio test = 178.384 on 116 df
-log2(p) of ll-ratio test = 12.466