                                           coef  exp(coef)  se(coef)  coef lower 95%  coef upper 95%  exp(coef) lower 95%  exp(coef) upper 95%  cmp to         z         p  -log2(p) significance
covariate                                                                                                                                                                                        
Stage_IIIA                         5.359732e-07   1.000001  0.000546       -0.001070        0.001071             0.998931             1.001072     0.0  0.000981  0.999217  0.001130             
Histology_Large Cell Carcinoma     3.034812e-07   1.000000  0.000370       -0.000724        0.000725             0.999276             1.000725     0.0  0.000821  0.999345  0.000946             
V16002                             2.369372e-07   1.000000  0.000244       -0.000478        0.000479             0.999522             1.000479     0.0  0.000971  0.999225  0.001118             
Stage_IIIB                         2.301669e-07   1.000000  0.000309       -0.000606        0.000606             0.999395             1.000606     0.0  0.000745  0.999406  0.000857             
Stage_IIB                          2.283405e-07   1.000000  0.000232       -0.000455        0.000455             0.999545             1.000456     0.0  0.000983  0.999216  0.001132             
Adjuvant Chemo                     2.032005e-07   1.000000  0.000220       -0.000430        0.000431             0.999570             1.000431     0.0  0.000925  0.999262  0.001066             
V10393                             1.893370e-07   1.000000  0.000348       -0.000682        0.000683             0.999318             1.000683     0.0  0.000544  0.999566  0.000626             
V17158                             1.832581e-07   1.000000  0.000225       -0.000441        0.000441             0.999559             1.000442     0.0  0.000814  0.999351  0.000937             
V10714                             1.798891e-07   1.000000  0.000260       -0.000509        0.000509             0.999491             1.000509     0.0  0.000693  0.999447  0.000798             
V4904                              1.746494e-07   1.000000  0.000281       -0.000551        0.000551             0.999449             1.000552     0.0  0.000621  0.999505  0.000715             
Stage_IIA                          1.670939e-07   1.000000  0.000339       -0.000665        0.000665             0.999335             1.000666     0.0  0.000492  0.999607  0.000567             
Smoked?                            1.655143e-07   1.000000  0.000169       -0.000330        0.000331             0.999670             1.000331     0.0  0.000981  0.999217  0.001130             
V4652                              1.652908e-07   1.000000  0.000168       -0.000329        0.000329             0.999671             1.000330     0.0  0.000984  0.999215  0.001133             
Sex                                1.414639e-07   1.000000  0.000144       -0.000282        0.000282             0.999718             1.000282     0.0  0.000983  0.999215  0.001132             
Race_Caucasian                     1.412227e-07   1.000000  0.000166       -0.000326        0.000326             0.999674             1.000326     0.0  0.000849  0.999323  0.000977             
V4281                              1.369662e-07   1.000000  0.000313       -0.000613        0.000614             0.999387             1.000614     0.0  0.000438  0.999651  0.000504             
V10147                             1.340891e-07   1.000000  0.000151       -0.000295        0.000296             0.999705             1.000296     0.0  0.000889  0.999290  0.001024             
V8721                              1.294230e-07   1.000000  0.000188       -0.000368        0.000368             0.999632             1.000368     0.0  0.000689  0.999450  0.000793             
V12352                             1.292427e-07   1.000000  0.000266       -0.000521        0.000521             0.999479             1.000521     0.0  0.000486  0.999612  0.000560             
V4336                              1.244916e-07   1.000000  0.000210       -0.000411        0.000411             0.999589             1.000411     0.0  0.000594  0.999526  0.000684             
V12279                             1.212106e-07   1.000000  0.000151       -0.000295        0.000295             0.999705             1.000295     0.0  0.000805  0.999358  0.000926             
V39                                1.176805e-07   1.000000  0.000204       -0.000399        0.000399             0.999601             1.000400     0.0  0.000578  0.999539  0.000665             
V13767                             1.151048e-07   1.000000  0.000130       -0.000255        0.000255             0.999745             1.000255     0.0  0.000884  0.999294  0.001018             
Histology_Squamous Cell Carcinoma  1.086971e-07   1.000000  0.000144       -0.000282        0.000282             0.999718             1.000282     0.0  0.000755  0.999398  0.000869             
V17687                             9.893796e-08   1.000000  0.000259       -0.000507        0.000507             0.999493             1.000507     0.0  0.000382  0.999695  0.000440             
V3918                              9.579197e-08   1.000000  0.000204       -0.000399        0.000399             0.999601             1.000400     0.0  0.000470  0.999625  0.000541             
V1278                              9.402211e-08   1.000000  0.000197       -0.000385        0.000386             0.999615             1.000386     0.0  0.000478  0.999619  0.000550             
Stage_II                           9.326413e-08   1.000000  0.000140       -0.000274        0.000274             0.999726             1.000274     0.0  0.000667  0.999468  0.000768             
V16606                             8.748692e-08   1.000000  0.000127       -0.000250        0.000250             0.999751             1.000250     0.0  0.000687  0.999452  0.000791             
V12052                             8.610960e-08   1.000000  0.000108       -0.000211        0.000211             0.999789             1.000211     0.0  0.000799  0.999362  0.000920             
V20976                             7.509735e-08   1.000000  0.000091       -0.000179        0.000179             0.999821             1.000179     0.0  0.000823  0.999344  0.000947             
V9204                              7.072344e-08   1.000000  0.000249       -0.000488        0.000489             0.999512             1.000489     0.0  0.000284  0.999774  0.000327             
V21280                             7.069631e-08   1.000000  0.000084       -0.000164        0.000165             0.999836             1.000165     0.0  0.000842  0.999328  0.000970             
V10358                             6.927477e-08   1.000000  0.000254       -0.000498        0.000498             0.999502             1.000498     0.0  0.000273  0.999782  0.000314             
V4686                              6.892727e-08   1.000000  0.000077       -0.000152        0.000152             0.999848             1.000152     0.0  0.000890  0.999290  0.001025             
V8485                              6.568954e-08   1.000000  0.000158       -0.000310        0.000310             0.999690             1.000310     0.0  0.000416  0.999668  0.000479             
V1516                              6.402584e-08   1.000000  0.000131       -0.000256        0.000256             0.999744             1.000256     0.0  0.000490  0.999609  0.000564             
V6967                              6.191900e-08   1.000000  0.000098       -0.000192        0.000192             0.999808             1.000192     0.0  0.000631  0.999497  0.000727             
V10299                             5.972862e-08   1.000000  0.000116       -0.000227        0.000227             0.999773             1.000228     0.0  0.000515  0.999589  0.000593             
V7574                              5.866492e-08   1.000000  0.000111       -0.000218        0.000218             0.999782             1.000218     0.0  0.000528  0.999579  0.000608             
V18946                             5.752559e-08   1.000000  0.000125       -0.000244        0.000244             0.999756             1.000244     0.0  0.000462  0.999631  0.000532             
V19631                             5.383141e-08   1.000000  0.000090       -0.000177        0.000177             0.999823             1.000177     0.0  0.000597  0.999523  0.000688             
V16090                             5.142638e-08   1.000000  0.000149       -0.000293        0.000293             0.999707             1.000293     0.0  0.000344  0.999725  0.000396             
V1884                              4.965248e-08   1.000000  0.000087       -0.000170        0.000170             0.999830             1.000170     0.0  0.000573  0.999543  0.000659             
V16536                             4.667622e-08   1.000000  0.000129       -0.000253        0.000253             0.999747             1.000253     0.0  0.000361  0.999712  0.000416             
V8208                              4.639701e-08   1.000000  0.000071       -0.000140        0.000140             0.999860             1.000140     0.0  0.000650  0.999482  0.000748             
V17864                             4.452939e-08   1.000000  0.000064       -0.000125        0.000125             0.999875             1.000125     0.0  0.000700  0.999442  0.000806             
V6276                              4.120628e-08   1.000000  0.000047       -0.000093        0.000093             0.999907             1.000093     0.0  0.000868  0.999308  0.000999             
V17877                             3.650464e-08   1.000000  0.000068       -0.000134        0.000134             0.999866             1.000134     0.0  0.000534  0.999574  0.000615             
V7221                              3.298505e-08   1.000000  0.000122       -0.000239        0.000239             0.999761             1.000239     0.0  0.000270  0.999784  0.000311             
V12948                             3.172551e-08   1.000000  0.000184       -0.000361        0.000361             0.999639             1.000361     0.0  0.000172  0.999863  0.000198             
V13                                3.142854e-08   1.000000  0.000178       -0.000349        0.000349             0.999651             1.000349     0.0  0.000177  0.999859  0.000203             
V6557                              3.083188e-08   1.000000  0.000044       -0.000087        0.000087             0.999913             1.000087     0.0  0.000696  0.999444  0.000802             
V11846                             2.882824e-08   1.000000  0.000288       -0.000565        0.000565             0.999435             1.000566     0.0  0.000100  0.999920  0.000115             
V5844                              2.767571e-08   1.000000  0.000097       -0.000190        0.000191             0.999810             1.000191     0.0  0.000285  0.999773  0.000328             
V11084                             2.615313e-08   1.000000  0.000037       -0.000072        0.000072             0.999928             1.000072     0.0  0.000712  0.999432  0.000820             
V8775                              2.460505e-08   1.000000  0.000072       -0.000140        0.000140             0.999860             1.000140     0.0  0.000344  0.999726  0.000396             
V18574                             2.372488e-08   1.000000  0.000146       -0.000286        0.000286             0.999714             1.000286     0.0  0.000162  0.999870  0.000187             
V11939                             2.306794e-08   1.000000  0.000070       -0.000138        0.000138             0.999862             1.000138     0.0  0.000327  0.999739  0.000377             
V3661                              2.045050e-08   1.000000  0.000167       -0.000327        0.000328             0.999673             1.000328     0.0  0.000122  0.999902  0.000141             
V17728                             1.966643e-08   1.000000  0.000044       -0.000086        0.000086             0.999914             1.000086     0.0  0.000450  0.999641  0.000518             
V9223                              1.697032e-08   1.000000  0.000171       -0.000334        0.000334             0.999666             1.000334     0.0  0.000100  0.999921  0.000115             
V8260                              1.575198e-08   1.000000  0.000054       -0.000105        0.000105             0.999895             1.000105     0.0  0.000294  0.999765  0.000339             
V19545                             1.441346e-08   1.000000  0.000050       -0.000098        0.000098             0.999902             1.000098     0.0  0.000287  0.999771  0.000331             
V4083                              1.308169e-08   1.000000  0.000164       -0.000322        0.000322             0.999678             1.000322     0.0  0.000080  0.999937  0.000092             
V14913                             1.249567e-08   1.000000  0.000104       -0.000203        0.000203             0.999797             1.000203     0.0  0.000120  0.999904  0.000139             
Age                                8.357616e-09   1.000000  0.000009       -0.000017        0.000017             0.999983             1.000017     0.0  0.000981  0.999217  0.001130             
V2240                              8.066671e-09   1.000000  0.000145       -0.000284        0.000284             0.999716             1.000284     0.0  0.000056  0.999956  0.000064             
V4736                              4.123960e-09   1.000000  0.000025       -0.000049        0.000049             0.999951             1.000049     0.0  0.000165  0.999869  0.000189             
V11050                             3.861999e-09   1.000000  0.000228       -0.000447        0.000447             0.999553             1.000447     0.0  0.000017  0.999986  0.000019             
V751                               3.769450e-09   1.000000  0.000218       -0.000427        0.000427             0.999573             1.000427     0.0  0.000017  0.999986  0.000020             
V16555                             9.385131e-10   1.000000  0.000047       -0.000092        0.000092             0.999908             1.000092     0.0  0.000020  0.999984  0.000023             
Stage_IB                           5.429593e-10   1.000000  0.000087       -0.000170        0.000170             0.999830             1.000170     0.0  0.000006  0.999995  0.000007             
V12374                            -1.622244e-10   1.000000  0.000067       -0.000131        0.000131             0.999869             1.000131     0.0 -0.000002  0.999998  0.000003             
V14296                            -3.651837e-09   1.000000  0.000091       -0.000179        0.000179             0.999821             1.000179     0.0 -0.000040  0.999968  0.000046             
V2159                             -8.502689e-09   1.000000  0.000024       -0.000046        0.000046             0.999954             1.000046     0.0 -0.000359  0.999713  0.000414             
V14426                            -9.111815e-09   1.000000  0.000116       -0.000228        0.000228             0.999772             1.000228     0.0 -0.000078  0.999938  0.000090             
V16975                            -1.143239e-08   1.000000  0.000043       -0.000084        0.000084             0.999916             1.000084     0.0 -0.000266  0.999787  0.000307             
V15192                            -1.226919e-08   1.000000  0.000073       -0.000142        0.000142             0.999858             1.000142     0.0 -0.000169  0.999865  0.000194             
V1632                             -1.308232e-08   1.000000  0.000094       -0.000184        0.000184             0.999816             1.000184     0.0 -0.000139  0.999889  0.000161             
V290                              -1.477834e-08   1.000000  0.000077       -0.000151        0.000151             0.999849             1.000151     0.0 -0.000192  0.999847  0.000221             
V10921                            -1.955665e-08   1.000000  0.000137       -0.000268        0.000268             0.999732             1.000268     0.0 -0.000143  0.999886  0.000165             
V13589                            -2.528349e-08   1.000000  0.000070       -0.000136        0.000136             0.999864             1.000136     0.0 -0.000364  0.999710  0.000419             
V13296                            -2.608933e-08   1.000000  0.000064       -0.000126        0.000126             0.999874             1.000126     0.0 -0.000406  0.999676  0.000468             
V1989                             -2.801975e-08   1.000000  0.000194       -0.000380        0.000380             0.999620             1.000380     0.0 -0.000144  0.999885  0.000166             
V13702                            -3.016638e-08   1.000000  0.000069       -0.000135        0.000135             0.999865             1.000135     0.0 -0.000438  0.999650  0.000505             
V4710                             -3.352646e-08   1.000000  0.000156       -0.000306        0.000306             0.999694             1.000306     0.0 -0.000214  0.999829  0.000247             
V19617                            -3.970465e-08   1.000000  0.000062       -0.000122        0.000122             0.999878             1.000122     0.0 -0.000638  0.999491  0.000735             
V16649                            -4.177141e-08   1.000000  0.000100       -0.000197        0.000197             0.999803             1.000197     0.0 -0.000416  0.999668  0.000479             
V11462                            -4.318754e-08   1.000000  0.000185       -0.000363        0.000363             0.999637             1.000363     0.0 -0.000233  0.999814  0.000269             
V19203                            -4.506334e-08   1.000000  0.000159       -0.000311        0.000311             0.999689             1.000311     0.0 -0.000284  0.999773  0.000327             
V15944                            -4.839384e-08   1.000000  0.000101       -0.000199        0.000199             0.999801             1.000199     0.0 -0.000478  0.999619  0.000550             
V12277                            -4.960469e-08   1.000000  0.000094       -0.000185        0.000185             0.999815             1.000185     0.0 -0.000526  0.999580  0.000606             
V4133                             -5.843908e-08   1.000000  0.000088       -0.000173        0.000173             0.999827             1.000173     0.0 -0.000661  0.999473  0.000761             
V3412                             -6.533748e-08   1.000000  0.000188       -0.000369        0.000369             0.999631             1.000369     0.0 -0.000347  0.999723  0.000400             
V5291                             -7.130848e-08   1.000000  0.000222       -0.000436        0.000436             0.999564             1.000436     0.0 -0.000321  0.999744  0.000369             
V2179                             -7.335250e-08   1.000000  0.000161       -0.000315        0.000315             0.999685             1.000315     0.0 -0.000456  0.999636  0.000525             
V4189                             -7.801782e-08   1.000000  0.000099       -0.000195        0.000194             0.999805             1.000194     0.0 -0.000786  0.999373  0.000905             
V14625                            -8.282479e-08   1.000000  0.000122       -0.000239        0.000239             0.999761             1.000239     0.0 -0.000679  0.999458  0.000782             
Race_Unknown                      -8.819299e-08   1.000000  0.000131       -0.000257        0.000257             0.999743             1.000257     0.0 -0.000674  0.999463  0.000776             
V3836                             -9.085719e-08   1.000000  0.000286       -0.000561        0.000561             0.999439             1.000561     0.0 -0.000318  0.999747  0.000366             
V15047                            -9.538397e-08   1.000000  0.000144       -0.000282        0.000282             0.999718             1.000282     0.0 -0.000662  0.999472  0.000763             
V9825                             -1.125624e-07   1.000000  0.000189       -0.000370        0.000370             0.999630             1.000370     0.0 -0.000597  0.999524  0.000687             
V9881                             -1.149158e-07   1.000000  0.000215       -0.000422        0.000422             0.999578             1.000422     0.0 -0.000534  0.999574  0.000615             
V13620                            -1.519598e-07   1.000000  0.000188       -0.000369        0.000369             0.999631             1.000369     0.0 -0.000807  0.999356  0.000929             
V2457                             -1.767304e-07   1.000000  0.000275       -0.000539        0.000538             0.999462             1.000538     0.0 -0.000643  0.999487  0.000741             
V1130                             -1.785384e-07   1.000000  0.000209       -0.000410        0.000410             0.999590             1.000410     0.0 -0.000853  0.999319  0.000983             
V6772                             -1.809575e-07   1.000000  0.000267       -0.000523        0.000522             0.999477             1.000523     0.0 -0.000679  0.999458  0.000781             
Histology_Adenocarcinoma          -1.830048e-07   1.000000  0.000187       -0.000367        0.000367             0.999633             1.000367     0.0 -0.000978  0.999220  0.001126             
V14393                            -2.081757e-07   1.000000  0.000212       -0.000416        0.000416             0.999584             1.000416     0.0 -0.000981  0.999218  0.001129             
V8491                             -2.104088e-07   1.000000  0.000219       -0.000430        0.000430             0.999570             1.000430     0.0 -0.000959  0.999235  0.001104             
V16774                            -2.356355e-07   1.000000  0.000240       -0.000471        0.000470             0.999529             1.000470     0.0 -0.000982  0.999217  0.001130             
Stage_I                           -2.645788e-07   1.000000  0.000308       -0.000603        0.000603             0.999397             1.000603     0.0 -0.000860  0.999314  0.000990             
V9585                             -3.268930e-07   1.000000  0.000335       -0.000658        0.000657             0.999343             1.000657     0.0 -0.000975  0.999222  0.001123             
Race_White                        -3.293514e-07   1.000000  0.000371       -0.000727        0.000727             0.999273             1.000727     0.0 -0.000888  0.999292  0.001022             
Stage_IA                          -4.714027e-01   0.624126  0.221072       -0.904696       -0.038109             0.404665             0.962608     0.0 -2.132346  0.032978  4.922335            *

Model metrics: -539.7170
0.8010

Train Concordance = 0.801
Concordance on test set = 0.618
Partial AIC = 1311.434
log-likelihood ratio test = 4.803 on 116 df
-log2(p) of ll-ratio test = -0.000