                                           coef  exp(coef)  se(coef)  coef lower 95%  coef upper 95%  exp(coef) lower 95%  exp(coef) upper 95%  cmp to         z         p  -log2(p) significance
covariate                                                                                                                                                                                        
Stage_IIIA                         2.613926e-01   1.298737  0.719463       -1.148729        1.671514             0.317039             5.320219     0.0  0.363316  0.716369  0.481226             
MSTN                               2.278542e-01   1.255902  0.410053       -0.575836        1.031544             0.562235             2.805394     0.0  0.555669  0.578437  0.789769             
Stage_IIB                          6.965673e-02   1.072140  0.243435       -0.407466        0.546780             0.665334             1.727681     0.0  0.286141  0.774770  0.368160             
ELOVL7                             6.182058e-02   1.063771  0.080423       -0.095807        0.219448             0.908640             1.245389     0.0  0.768688  0.442079  1.177626             
Smoked?                            4.782219e-02   1.048984  0.180237       -0.305436        0.401080             0.736802             1.493437     0.0  0.265329  0.790756  0.338696             
Sex                                4.462188e-02   1.045632  0.162156       -0.273199        0.362442             0.760942             1.436834     0.0  0.275178  0.783179  0.352585             
Age                                3.057008e-03   1.003062  0.008515       -0.013631        0.019745             0.986461             1.019942     0.0  0.359029  0.719574  0.474786             
Histology_Large Cell Carcinoma     5.856156e-07   1.000001  0.000768       -0.001505        0.001506             0.998496             1.001507     0.0  0.000762  0.999392  0.000878             
Adjuvant Chemo                     4.642948e-07   1.000000  0.000759       -0.001486        0.001487             0.998515             1.001489     0.0  0.000612  0.999512  0.000705             
Stage_IIIB                         4.556160e-07   1.000000  0.000593       -0.001162        0.001163             0.998839             1.001163     0.0  0.000768  0.999387  0.000885             
BRF1                               3.877874e-07   1.000000  0.000505       -0.000990        0.000991             0.999011             1.000991     0.0  0.000768  0.999388  0.000884             
LOC400627                          3.306421e-07   1.000000  0.000440       -0.000863        0.000863             0.999138             1.000864     0.0  0.000751  0.999401  0.000865             
Stage_IIA                          2.717191e-07   1.000000  0.000478       -0.000936        0.000937             0.999064             1.000937     0.0  0.000569  0.999546  0.000655             
Race_Caucasian                     2.549154e-07   1.000000  0.000334       -0.000654        0.000655             0.999346             1.000655     0.0  0.000763  0.999391  0.000879             
ZNF543                             2.113670e-07   1.000000  0.000381       -0.000746        0.000747             0.999254             1.000747     0.0  0.000555  0.999557  0.000639             
LOC101928526                       2.088888e-07   1.000000  0.000357       -0.000699        0.000699             0.999302             1.000699     0.0  0.000586  0.999533  0.000674             
Stage_II                           1.803860e-07   1.000000  0.000241       -0.000472        0.000472             0.999528             1.000473     0.0  0.000749  0.999403  0.000862             
Histology_Squamous Cell Carcinoma  1.500688e-07   1.000000  0.000212       -0.000416        0.000416             0.999584             1.000416     0.0  0.000707  0.999436  0.000814             
GGACT                              1.439270e-07   1.000000  0.000384       -0.000753        0.000753             0.999248             1.000753     0.0  0.000375  0.999701  0.000431             
ZNF696                             1.051910e-07   1.000000  0.000210       -0.000412        0.000412             0.999588             1.000412     0.0  0.000500  0.999601  0.000576             
GAGE6                              8.921570e-08   1.000000  0.000126       -0.000247        0.000247             0.999753             1.000247     0.0  0.000707  0.999436  0.000814             
IL18R1                             8.689991e-08   1.000000  0.000117       -0.000230        0.000230             0.999770             1.000230     0.0  0.000740  0.999410  0.000852             
ERO1A                              8.566976e-08   1.000000  0.000114       -0.000223        0.000224             0.999777             1.000224     0.0  0.000751  0.999400  0.000865             
KIF11                              6.744494e-08   1.000000  0.000088       -0.000172        0.000173             0.999828             1.000173     0.0  0.000766  0.999388  0.000883             
BNIP1                              5.433115e-08   1.000000  0.000151       -0.000296        0.000297             0.999704             1.000297     0.0  0.000359  0.999713  0.000413             
COX6C                              5.042304e-08   1.000000  0.000115       -0.000225        0.000225             0.999775             1.000225     0.0  0.000440  0.999649  0.000506             
SLC35F5                            4.304710e-08   1.000000  0.000101       -0.000198        0.000198             0.999802             1.000198     0.0  0.000426  0.999660  0.000490             
EEF1B2                             4.072851e-08   1.000000  0.000144       -0.000282        0.000282             0.999718             1.000282     0.0  0.000283  0.999774  0.000326             
DEFB1                              3.926591e-08   1.000000  0.000053       -0.000104        0.000104             0.999896             1.000104     0.0  0.000739  0.999411  0.000851             
PNPLA7                             3.820714e-08   1.000000  0.000227       -0.000445        0.000445             0.999556             1.000445     0.0  0.000168  0.999866  0.000194             
GNB2                               3.103175e-08   1.000000  0.000143       -0.000280        0.000280             0.999720             1.000280     0.0  0.000217  0.999827  0.000250             
MIR924HG                           2.901958e-08   1.000000  0.000175       -0.000343        0.000344             0.999657             1.000344     0.0  0.000166  0.999868  0.000191             
PTP4A1                             2.329980e-08   1.000000  0.000072       -0.000141        0.000141             0.999859             1.000142     0.0  0.000323  0.999742  0.000372             
QPCT                               2.202672e-08   1.000000  0.000043       -0.000084        0.000084             0.999916             1.000084     0.0  0.000515  0.999589  0.000593             
GABRR3                             2.050358e-08   1.000000  0.000328       -0.000642        0.000642             0.999358             1.000642     0.0  0.000063  0.999950  0.000072             
PRRG4                              1.874261e-08   1.000000  0.000077       -0.000151        0.000151             0.999849             1.000152     0.0  0.000243  0.999806  0.000279             
TUNAR                              1.558049e-08   1.000000  0.000104       -0.000203        0.000204             0.999797             1.000204     0.0  0.000150  0.999880  0.000173             
Stage_IB                           1.554034e-08   1.000000  0.000112       -0.000219        0.000219             0.999781             1.000219     0.0  0.000139  0.999889  0.000160             
SPRR1B                             1.239442e-08   1.000000  0.000023       -0.000044        0.000044             0.999956             1.000044     0.0  0.000550  0.999561  0.000633             
U2AF1                              2.775007e-09   1.000000  0.000106       -0.000208        0.000208             0.999792             1.000208     0.0  0.000026  0.999979  0.000030             
MED13L                             2.677864e-09   1.000000  0.000104       -0.000204        0.000204             0.999797             1.000204     0.0  0.000026  0.999979  0.000030             
STEAP3                            -1.745513e-09   1.000000  0.000073       -0.000143        0.000143             0.999857             1.000143     0.0 -0.000024  0.999981  0.000028             
FUS                               -2.833902e-09   1.000000  0.000143       -0.000281        0.000281             0.999719             1.000281     0.0 -0.000020  0.999984  0.000023             
GABRB2                            -1.201140e-08   1.000000  0.000076       -0.000148        0.000148             0.999852             1.000148     0.0 -0.000159  0.999873  0.000183             
LINC00504                         -1.307766e-08   1.000000  0.000330       -0.000647        0.000647             0.999353             1.000647     0.0 -0.000040  0.999968  0.000046             
S100B                             -1.363844e-08   1.000000  0.000088       -0.000172        0.000172             0.999828             1.000172     0.0 -0.000155  0.999876  0.000179             
LINC02796                         -1.754271e-08   1.000000  0.000359       -0.000704        0.000704             0.999296             1.000704     0.0 -0.000049  0.999961  0.000056             
RLN1                              -2.201057e-08   1.000000  0.000159       -0.000311        0.000311             0.999689             1.000311     0.0 -0.000139  0.999889  0.000160             
CD40LG                            -2.785258e-08   1.000000  0.000234       -0.000458        0.000458             0.999542             1.000458     0.0 -0.000119  0.999905  0.000137             
STC1                              -2.998145e-08   1.000000  0.000054       -0.000105        0.000105             0.999895             1.000105     0.0 -0.000558  0.999555  0.000643             
H2BC12                            -3.142777e-08   1.000000  0.000069       -0.000135        0.000134             0.999865             1.000134     0.0 -0.000458  0.999635  0.000527             
PAK3                              -6.379658e-08   1.000000  0.000083       -0.000163        0.000163             0.999837             1.000163     0.0 -0.000766  0.999389  0.000882             
BMP1                              -6.932778e-08   1.000000  0.000150       -0.000295        0.000295             0.999705             1.000295     0.0 -0.000461  0.999632  0.000531             
CDC42BPA                          -9.348587e-08   1.000000  0.000126       -0.000248        0.000248             0.999752             1.000248     0.0 -0.000740  0.999410  0.000852             
PTRHD1                            -9.524267e-08   1.000000  0.000146       -0.000286        0.000285             0.999714             1.000285     0.0 -0.000654  0.999478  0.000753             
PITPNA                            -1.077326e-07   1.000000  0.000175       -0.000343        0.000343             0.999657             1.000343     0.0 -0.000616  0.999508  0.000709             
FBXO39                            -1.162025e-07   1.000000  0.000370       -0.000726        0.000726             0.999274             1.000726     0.0 -0.000314  0.999750  0.000361             
KCNK2                             -1.380197e-07   1.000000  0.000206       -0.000404        0.000404             0.999596             1.000404     0.0 -0.000669  0.999466  0.000771             
Race_Unknown                      -1.411936e-07   1.000000  0.000201       -0.000393        0.000393             0.999607             1.000393     0.0 -0.000704  0.999439  0.000810             
Stage_I                           -5.420609e-07   0.999999  0.000740       -0.001451        0.001450             0.998550             1.001451     0.0 -0.000733  0.999415  0.000844             
Race_White                        -8.393335e-07   0.999999  0.001386       -0.002718        0.002716             0.997286             1.002720     0.0 -0.000605  0.999517  0.000697             
DAAM2                             -9.682838e-05   0.999903  0.097676       -0.191538        0.191344             0.825688             1.210876     0.0 -0.000991  0.999209  0.001142             
Histology_Adenocarcinoma          -9.616905e-03   0.990429  0.220792       -0.442361        0.423127             0.642517             1.526729     0.0 -0.043556  0.965258  0.051013             
LINC01648                         -7.063354e-02   0.931803  0.398897       -0.852457        0.711190             0.426366             2.036412     0.0 -0.177072  0.859452  0.218512             
CALR                              -1.989106e-01   0.819623  0.211142       -0.612741        0.214920             0.541864             1.239763     0.0 -0.942070  0.346157  1.530503             
Stage_IA                          -4.328493e-01   0.648658  0.172721       -0.771376       -0.094322             0.462376             0.909989     0.0 -2.506061  0.012208  6.355974            *

Model metrics: -536.8888
0.7539

Train Concordance = 0.754
Concordance on test set = 0.558
Partial AIC = 1205.778
log-likelihood ratio test = 10.460 on 66 df
-log2(p) of ll-ratio test = 0.000