                                           coef  exp(coef)  se(coef)  coef lower 95%  coef upper 95%  exp(coef) lower 95%  exp(coef) upper 95%  cmp to         z         p  -log2(p) significance
covariate                                                                                                                                                                                        
Stage_IIIA                         2.856868e-01   1.330676  0.726207       -1.137653        1.709027             0.320570             5.523584     0.0  0.393396  0.694027  0.526936             
MSTN                               2.041643e-01   1.226500  0.410702       -0.600797        1.009126             0.548374             2.743201     0.0  0.497110  0.619111  0.691729             
CWC22                              1.929039e-01   1.212766  0.160096       -0.120878        0.506686             0.886142             1.659781     0.0  1.204928  0.228231  2.131434             
DPEP3                              8.768020e-02   1.091639  0.189791       -0.284304        0.459664             0.752538             1.583542     0.0  0.461982  0.644094  0.634657             
Stage_IIB                          7.119821e-02   1.073794  0.244084       -0.407198        0.549595             0.665512             1.732551     0.0  0.291695  0.770520  0.376096             
Smoked?                            5.432282e-02   1.055825  0.180565       -0.299577        0.408223             0.741131             1.504142     0.0  0.300850  0.763529  0.389245             
ELOVL7                             4.393384e-02   1.044913  0.081511       -0.115825        0.203692             0.890631             1.225921     0.0  0.538993  0.589891  0.761479             
Sex                                2.611415e-02   1.026458  0.162774       -0.292917        0.345145             0.746084             1.412194     0.0  0.160432  0.872541  0.196706             
LINC01029                          2.301911e-02   1.023286  0.313230       -0.590900        0.636938             0.553829             1.890683     0.0  0.073490  0.941417  0.087095             
ANKRD22                            6.453943e-03   1.006475  0.076780       -0.144031        0.156939             0.865860             1.169925     0.0  0.084058  0.933010  0.100035             
Age                                3.744106e-03   1.003751  0.008585       -0.013083        0.020571             0.987002             1.020784     0.0  0.436101  0.662764  0.593433             
IL1RL2                             2.781920e-07   1.000000  0.006537       -0.012812        0.012812             0.987270             1.012895     0.0  0.000043  0.999966  0.000049             
DHFRP3                             1.847571e-07   1.000000  0.000471       -0.000923        0.000923             0.999077             1.000924     0.0  0.000392  0.999687  0.000452             
Adjuvant Chemo                     1.787146e-07   1.000000  0.000922       -0.001807        0.001807             0.998195             1.001809     0.0  0.000194  0.999845  0.000223             
Histology_Large Cell Carcinoma     1.597523e-07   1.000000  0.000405       -0.000793        0.000793             0.999207             1.000794     0.0  0.000395  0.999685  0.000455             
LOC105378011                       1.388196e-07   1.000000  0.000349       -0.000683        0.000683             0.999317             1.000684     0.0  0.000398  0.999682  0.000459             
Stage_IIIB                         1.187319e-07   1.000000  0.000298       -0.000585        0.000585             0.999416             1.000585     0.0  0.000398  0.999682  0.000458             
DNAH1                              1.146257e-07   1.000000  0.000291       -0.000571        0.000571             0.999430             1.000571     0.0  0.000394  0.999686  0.000453             
LINC02728                          1.062272e-07   1.000000  0.000269       -0.000527        0.000527             0.999473             1.000527     0.0  0.000395  0.999685  0.000455             
BRF1                               1.015962e-07   1.000000  0.000255       -0.000499        0.000499             0.999501             1.000499     0.0  0.000399  0.999682  0.000459             
MTNR1A                             9.956738e-08   1.000000  0.000250       -0.000490        0.000490             0.999510             1.000490     0.0  0.000398  0.999682  0.000459             
LOC400627                          9.365289e-08   1.000000  0.000238       -0.000466        0.000466             0.999534             1.000466     0.0  0.000394  0.999686  0.000454             
RXFP2                              9.139656e-08   1.000000  0.000265       -0.000520        0.000520             0.999480             1.000520     0.0  0.000344  0.999725  0.000397             
ABCA5                              8.150201e-08   1.000000  0.000364       -0.000713        0.000713             0.999287             1.000714     0.0  0.000224  0.999821  0.000258             
TRAV30                             8.125666e-08   1.000000  0.000207       -0.000405        0.000406             0.999595             1.000406     0.0  0.000393  0.999687  0.000452             
EOLA1-DT                           8.065035e-08   1.000000  0.000216       -0.000423        0.000423             0.999578             1.000423     0.0  0.000374  0.999702  0.000431             
CCNYL2                             7.957981e-08   1.000000  0.000217       -0.000425        0.000425             0.999575             1.000425     0.0  0.000367  0.999707  0.000423             
Stage_IIA                          7.797259e-08   1.000000  0.000253       -0.000496        0.000496             0.999504             1.000496     0.0  0.000308  0.999754  0.000355             
LINC00330                          7.522442e-08   1.000000  0.000189       -0.000371        0.000371             0.999629             1.000372     0.0  0.000397  0.999683  0.000457             
SAP30                              7.444086e-08   1.000000  0.000188       -0.000369        0.000369             0.999631             1.000369     0.0  0.000395  0.999685  0.000455             
Race_Caucasian                     7.414395e-08   1.000000  0.000190       -0.000373        0.000373             0.999627             1.000373     0.0  0.000390  0.999689  0.000449             
LOC101927709                       7.231295e-08   1.000000  0.000292       -0.000573        0.000573             0.999428             1.000573     0.0  0.000248  0.999803  0.000285             
LINC01252                          7.139103e-08   1.000000  0.000179       -0.000351        0.000351             0.999649             1.000351     0.0  0.000399  0.999682  0.000459             
LOC102724511                       7.092298e-08   1.000000  0.000182       -0.000357        0.000357             0.999644             1.000357     0.0  0.000390  0.999689  0.000449             
RBM33                              7.019362e-08   1.000000  0.000192       -0.000377        0.000377             0.999623             1.000377     0.0  0.000365  0.999709  0.000421             
CCDC148                            6.830802e-08   1.000000  0.000172       -0.000337        0.000337             0.999663             1.000337     0.0  0.000397  0.999683  0.000457             
PUS3                               6.757683e-08   1.000000  0.000178       -0.000348        0.000349             0.999652             1.000349     0.0  0.000380  0.999697  0.000438             
ZNF543                             6.380152e-08   1.000000  0.000205       -0.000401        0.000401             0.999599             1.000401     0.0  0.000312  0.999751  0.000359             
LINC02475                          6.215152e-08   1.000000  0.000156       -0.000306        0.000306             0.999694             1.000306     0.0  0.000398  0.999682  0.000459             
DDX18                              5.908730e-08   1.000000  0.000155       -0.000303        0.000303             0.999697             1.000303     0.0  0.000382  0.999695  0.000440             
H2BW4P                             5.596424e-08   1.000000  0.000141       -0.000276        0.000276             0.999724             1.000276     0.0  0.000398  0.999683  0.000458             
LOC101928526                       5.586593e-08   1.000000  0.000185       -0.000362        0.000362             0.999638             1.000362     0.0  0.000303  0.999759  0.000348             
ZNF311                             5.253890e-08   1.000000  0.000144       -0.000283        0.000283             0.999717             1.000283     0.0  0.000364  0.999709  0.000419             
RPP30                              5.050713e-08   1.000000  0.000131       -0.000257        0.000257             0.999743             1.000257     0.0  0.000385  0.999692  0.000444             
PRO2268                            5.010924e-08   1.000000  0.000147       -0.000287        0.000287             0.999713             1.000287     0.0  0.000342  0.999727  0.000394             
HIGD1A                             4.975607e-08   1.000000  0.000132       -0.000259        0.000259             0.999741             1.000259     0.0  0.000376  0.999700  0.000433             
PLCZ1                              4.866297e-08   1.000000  0.000171       -0.000336        0.000336             0.999664             1.000336     0.0  0.000284  0.999773  0.000327             
TMEM266                            4.658453e-08   1.000000  0.000123       -0.000241        0.000241             0.999759             1.000241     0.0  0.000379  0.999697  0.000437             
ZNF91                              4.616321e-08   1.000000  0.000165       -0.000324        0.000324             0.999676             1.000324     0.0  0.000279  0.999777  0.000321             
FAM81A                             4.576746e-08   1.000000  0.000148       -0.000291        0.000291             0.999709             1.000291     0.0  0.000309  0.999754  0.000355             
Stage_II                           4.561836e-08   1.000000  0.000120       -0.000234        0.000234             0.999766             1.000235     0.0  0.000381  0.999696  0.000439             
MRFAP1L1                           4.393335e-08   1.000000  0.000111       -0.000217        0.000217             0.999783             1.000217     0.0  0.000397  0.999683  0.000457             
LOC101928373                       4.263613e-08   1.000000  0.000184       -0.000360        0.000360             0.999640             1.000360     0.0  0.000232  0.999815  0.000267             
LINC00892                          4.214126e-08   1.000000  0.000195       -0.000382        0.000382             0.999618             1.000382     0.0  0.000216  0.999828  0.000249             
ZNF502                             4.061499e-08   1.000000  0.000102       -0.000200        0.000200             0.999800             1.000200     0.0  0.000399  0.999682  0.000459             
TP53AIP1                           4.044354e-08   1.000000  0.000113       -0.000220        0.000221             0.999780             1.000221     0.0  0.000359  0.999713  0.000414             
R3HCC1L                            3.942165e-08   1.000000  0.000144       -0.000282        0.000282             0.999718             1.000282     0.0  0.000274  0.999782  0.000315             
TIMM17B                            3.934003e-08   1.000000  0.000124       -0.000244        0.000244             0.999757             1.000244     0.0  0.000317  0.999747  0.000364             
Histology_Squamous Cell Carcinoma  3.896328e-08   1.000000  0.000108       -0.000212        0.000212             0.999788             1.000212     0.0  0.000361  0.999712  0.000415             
UBE4B                              3.728074e-08   1.000000  0.000094       -0.000184        0.000184             0.999816             1.000184     0.0  0.000397  0.999683  0.000457             
ACTL7B                             3.717270e-08   1.000000  0.000156       -0.000305        0.000305             0.999695             1.000305     0.0  0.000239  0.999810  0.000275             
FCHSD1                             3.628081e-08   1.000000  0.000121       -0.000237        0.000237             0.999763             1.000237     0.0  0.000300  0.999761  0.000345             
IPMK                               3.611184e-08   1.000000  0.000140       -0.000275        0.000275             0.999725             1.000275     0.0  0.000257  0.999795  0.000296             
SLC26A10P                          3.568627e-08   1.000000  0.000125       -0.000244        0.000244             0.999756             1.000244     0.0  0.000287  0.999771  0.000330             
GGACT                              3.560372e-08   1.000000  0.000198       -0.000387        0.000387             0.999613             1.000387     0.0  0.000180  0.999856  0.000207             
MCHR2                              3.362362e-08   1.000000  0.000166       -0.000324        0.000325             0.999676             1.000325     0.0  0.000203  0.999838  0.000234             
FLJ20712                           3.354296e-08   1.000000  0.000146       -0.000287        0.000287             0.999713             1.000287     0.0  0.000229  0.999817  0.000264             
ABCG8                              3.349794e-08   1.000000  0.000154       -0.000302        0.000302             0.999698             1.000302     0.0  0.000217  0.999827  0.000250             
CRYGD                              3.142671e-08   1.000000  0.000139       -0.000273        0.000273             0.999727             1.000273     0.0  0.000226  0.999820  0.000260             
TFDP3                              3.107170e-08   1.000000  0.000143       -0.000281        0.000281             0.999719             1.000281     0.0  0.000217  0.999827  0.000250             
TAF1L                              3.098665e-08   1.000000  0.000137       -0.000268        0.000268             0.999732             1.000268     0.0  0.000227  0.999819  0.000261             
GSTCD                              2.936721e-08   1.000000  0.000108       -0.000211        0.000211             0.999789             1.000211     0.0  0.000273  0.999782  0.000314             
CELF5                              2.913533e-08   1.000000  0.000106       -0.000207        0.000207             0.999793             1.000207     0.0  0.000276  0.999780  0.000317             
PPP1R12A                           2.891733e-08   1.000000  0.000074       -0.000146        0.000146             0.999854             1.000146     0.0  0.000389  0.999690  0.000448             
NPTXR                              2.851531e-08   1.000000  0.000088       -0.000172        0.000172             0.999828             1.000172     0.0  0.000326  0.999740  0.000375             
FOXG1                              2.847214e-08   1.000000  0.000074       -0.000144        0.000145             0.999856             1.000145     0.0  0.000386  0.999692  0.000445             
GALR2                              2.832736e-08   1.000000  0.000096       -0.000189        0.000189             0.999811             1.000189     0.0  0.000294  0.999766  0.000338             
ZNF430                             2.805096e-08   1.000000  0.000079       -0.000154        0.000154             0.999846             1.000154     0.0  0.000357  0.999716  0.000410             
LOC101928419                       2.783057e-08   1.000000  0.000097       -0.000190        0.000190             0.999810             1.000190     0.0  0.000287  0.999771  0.000330             
BVES-AS1                           2.720957e-08   1.000000  0.000131       -0.000256        0.000256             0.999744             1.000256     0.0  0.000208  0.999834  0.000240             
BPY2                               2.712565e-08   1.000000  0.000141       -0.000277        0.000277             0.999723             1.000277     0.0  0.000192  0.999847  0.000221             
NYAP2                              2.706432e-08   1.000000  0.000089       -0.000174        0.000174             0.999826             1.000174     0.0  0.000305  0.999757  0.000351             
SNAPC2                             2.663453e-08   1.000000  0.000101       -0.000198        0.000198             0.999802             1.000198     0.0  0.000264  0.999789  0.000304             
LINC02870                          2.625370e-08   1.000000  0.000119       -0.000234        0.000234             0.999766             1.000234     0.0  0.000220  0.999825  0.000253             
LINC01686                          2.603720e-08   1.000000  0.000114       -0.000224        0.000224             0.999776             1.000224     0.0  0.000228  0.999818  0.000262             
PRKAA2                             2.598606e-08   1.000000  0.000069       -0.000134        0.000134             0.999866             1.000135     0.0  0.000379  0.999698  0.000436             
CENPC                              2.566099e-08   1.000000  0.000080       -0.000157        0.000157             0.999843             1.000157     0.0  0.000321  0.999744  0.000370             
RPAP3                              2.565934e-08   1.000000  0.000078       -0.000153        0.000153             0.999847             1.000153     0.0  0.000328  0.999738  0.000378             
ZNF696                             2.442760e-08   1.000000  0.000106       -0.000208        0.000208             0.999792             1.000208     0.0  0.000230  0.999816  0.000265             
FAM185A                            2.407284e-08   1.000000  0.000081       -0.000159        0.000159             0.999841             1.000159     0.0  0.000296  0.999764  0.000341             
PRSS12                             2.339370e-08   1.000000  0.000060       -0.000118        0.000118             0.999882             1.000118     0.0  0.000389  0.999690  0.000448             
JRKL                               2.333363e-08   1.000000  0.000104       -0.000203        0.000203             0.999797             1.000203     0.0  0.000225  0.999820  0.000259             
DHX38                              2.320469e-08   1.000000  0.000104       -0.000203        0.000203             0.999797             1.000203     0.0  0.000224  0.999822  0.000257             
GAGE6                              2.315447e-08   1.000000  0.000062       -0.000121        0.000121             0.999879             1.000121     0.0  0.000374  0.999702  0.000430             
GSE1                               2.306744e-08   1.000000  0.000063       -0.000124        0.000124             0.999877             1.000124     0.0  0.000366  0.999708  0.000421             
OVOL1                              2.288997e-08   1.000000  0.000064       -0.000125        0.000125             0.999875             1.000125     0.0  0.000359  0.999714  0.000413             
ERO1A                              2.191856e-08   1.000000  0.000056       -0.000109        0.000109             0.999891             1.000109     0.0  0.000395  0.999685  0.000454             
ZNF334                             2.190879e-08   1.000000  0.000069       -0.000136        0.000136             0.999864             1.000136     0.0  0.000316  0.999748  0.000364             
LINC03040                          2.158202e-08   1.000000  0.000075       -0.000147        0.000147             0.999853             1.000147     0.0  0.000288  0.999771  0.000331             
ENDOU                              2.131407e-08   1.000000  0.000097       -0.000189        0.000189             0.999811             1.000189     0.0  0.000221  0.999824  0.000254             
CRYBA2                             2.125969e-08   1.000000  0.000067       -0.000130        0.000130             0.999870             1.000130     0.0  0.000320  0.999745  0.000368             
GULP1                              2.103953e-08   1.000000  0.000056       -0.000110        0.000110             0.999890             1.000110     0.0  0.000374  0.999702  0.000431             
C2CD4C                             2.100091e-08   1.000000  0.000111       -0.000217        0.000217             0.999783             1.000217     0.0  0.000190  0.999848  0.000219             
CCM2                               2.065809e-08   1.000000  0.000078       -0.000152        0.000153             0.999848             1.000153     0.0  0.000266  0.999788  0.000306             
IL18R1                             2.047088e-08   1.000000  0.000056       -0.000110        0.000110             0.999890             1.000110     0.0  0.000365  0.999709  0.000421             
MACROH2A2                          2.030283e-08   1.000000  0.000057       -0.000112        0.000112             0.999888             1.000112     0.0  0.000355  0.999717  0.000409             
BNIP1                              1.961648e-08   1.000000  0.000082       -0.000160        0.000160             0.999840             1.000160     0.0  0.000240  0.999809  0.000276             
MMP7                               1.946611e-08   1.000000  0.000055       -0.000109        0.000109             0.999891             1.000109     0.0  0.000351  0.999720  0.000404             
RNASEH2B                           1.915047e-08   1.000000  0.000083       -0.000163        0.000163             0.999837             1.000163     0.0  0.000231  0.999816  0.000265             
RNFT1                              1.874055e-08   1.000000  0.000074       -0.000145        0.000145             0.999855             1.000145     0.0  0.000253  0.999798  0.000292             
ZBTB1                              1.808858e-08   1.000000  0.000066       -0.000129        0.000129             0.999871             1.000129     0.0  0.000276  0.999780  0.000317             
MAGEB2                             1.770513e-08   1.000000  0.000046       -0.000090        0.000090             0.999910             1.000090     0.0  0.000384  0.999693  0.000443             
KLHL32                             1.759388e-08   1.000000  0.000095       -0.000187        0.000187             0.999813             1.000187     0.0  0.000185  0.999853  0.000213             
BICRA                              1.727071e-08   1.000000  0.000096       -0.000188        0.000188             0.999812             1.000188     0.0  0.000180  0.999856  0.000207             
RBM39                              1.726372e-08   1.000000  0.000070       -0.000138        0.000138             0.999862             1.000138     0.0  0.000245  0.999804  0.000282             
USP21                              1.716879e-08   1.000000  0.000069       -0.000135        0.000135             0.999865             1.000135     0.0  0.000249  0.999801  0.000287             
PIK3C3                             1.687487e-08   1.000000  0.000105       -0.000205        0.000205             0.999795             1.000205     0.0  0.000161  0.999871  0.000185             
USP46-DT                           1.677134e-08   1.000000  0.000080       -0.000156        0.000156             0.999844             1.000156     0.0  0.000211  0.999832  0.000243             
TRAIP                              1.647425e-08   1.000000  0.000069       -0.000136        0.000136             0.999864             1.000136     0.0  0.000237  0.999811  0.000273             
ARHGAP27P1                         1.628106e-08   1.000000  0.000119       -0.000234        0.000234             0.999766             1.000234     0.0  0.000136  0.999891  0.000157             
NPPB                               1.603563e-08   1.000000  0.000095       -0.000186        0.000186             0.999814             1.000186     0.0  0.000169  0.999865  0.000194             
CCNYL1                             1.590587e-08   1.000000  0.000058       -0.000114        0.000115             0.999886             1.000115     0.0  0.000272  0.999783  0.000313             
PDSS2                              1.588325e-08   1.000000  0.000101       -0.000199        0.000199             0.999801             1.000199     0.0  0.000157  0.999875  0.000180             
DPY19L2P4                          1.543711e-08   1.000000  0.000161       -0.000316        0.000316             0.999684             1.000316     0.0  0.000096  0.999924  0.000110             
GNB2                               1.540072e-08   1.000000  0.000077       -0.000152        0.000152             0.999848             1.000152     0.0  0.000199  0.999841  0.000229             
KIF11                              1.471523e-08   1.000000  0.000039       -0.000076        0.000076             0.999924             1.000076     0.0  0.000380  0.999697  0.000437             
MIR155HG                           1.398931e-08   1.000000  0.000041       -0.000080        0.000080             0.999920             1.000080     0.0  0.000343  0.999727  0.000394             
LSP1P4                             1.386474e-08   1.000000  0.000123       -0.000242        0.000242             0.999758             1.000242     0.0  0.000112  0.999910  0.000129             
FLVCR1                             1.358013e-08   1.000000  0.000046       -0.000090        0.000090             0.999910             1.000090     0.0  0.000296  0.999764  0.000340             
SLC17A6                            1.321597e-08   1.000000  0.000091       -0.000178        0.000178             0.999822             1.000178     0.0  0.000146  0.999884  0.000168             
CTCFL                              1.315109e-08   1.000000  0.000045       -0.000087        0.000087             0.999913             1.000087     0.0  0.000295  0.999765  0.000340             
ANGPT2                             1.280433e-08   1.000000  0.000048       -0.000093        0.000093             0.999907             1.000093     0.0  0.000269  0.999785  0.000310             
PNPLA3                             1.248970e-08   1.000000  0.000052       -0.000101        0.000101             0.999899             1.000101     0.0  0.000242  0.999807  0.000278             
RPS8                               1.237756e-08   1.000000  0.000129       -0.000252        0.000252             0.999748             1.000252     0.0  0.000096  0.999923  0.000111             
PPARGC1A                           1.226510e-08   1.000000  0.000057       -0.000112        0.000112             0.999888             1.000112     0.0  0.000215  0.999828  0.000248             
DMD                                1.216262e-08   1.000000  0.000104       -0.000204        0.000204             0.999796             1.000204     0.0  0.000117  0.999907  0.000134             
SARS1                              1.215007e-08   1.000000  0.000070       -0.000137        0.000137             0.999863             1.000137     0.0  0.000174  0.999862  0.000200             
MYOZ1                              1.199402e-08   1.000000  0.000053       -0.000104        0.000104             0.999896             1.000104     0.0  0.000226  0.999820  0.000260             
NR1I3                              1.187899e-08   1.000000  0.000214       -0.000420        0.000420             0.999580             1.000420     0.0  0.000055  0.999956  0.000064             
RRAS2                              1.172121e-08   1.000000  0.000045       -0.000087        0.000087             0.999913             1.000087     0.0  0.000263  0.999790  0.000303             
PSMC3IP                            1.167348e-08   1.000000  0.000070       -0.000136        0.000136             0.999864             1.000136     0.0  0.000168  0.999866  0.000193             
TMEM33                             1.159914e-08   1.000000  0.000055       -0.000108        0.000108             0.999892             1.000108     0.0  0.000210  0.999833  0.000241             
RND3                               1.145258e-08   1.000000  0.000036       -0.000071        0.000071             0.999929             1.000071     0.0  0.000315  0.999749  0.000362             
PNPLA7                             1.106355e-08   1.000000  0.000118       -0.000231        0.000231             0.999769             1.000231     0.0  0.000094  0.999925  0.000108             
ZNF483                             1.080051e-08   1.000000  0.000158       -0.000309        0.000309             0.999691             1.000309     0.0  0.000069  0.999945  0.000079             
SMYD3                              1.055619e-08   1.000000  0.000052       -0.000102        0.000102             0.999898             1.000102     0.0  0.000203  0.999838  0.000234             
REST                               1.042691e-08   1.000000  0.000095       -0.000187        0.000187             0.999813             1.000187     0.0  0.000109  0.999913  0.000126             
LINC00396                          1.042336e-08   1.000000  0.000178       -0.000348        0.000348             0.999652             1.000348     0.0  0.000059  0.999953  0.000068             
NR1D1                              1.024711e-08   1.000000  0.000060       -0.000118        0.000118             0.999882             1.000118     0.0  0.000171  0.999864  0.000196             
EEF1B2                             1.002172e-08   1.000000  0.000074       -0.000146        0.000146             0.999854             1.000146     0.0  0.000135  0.999892  0.000155             
SLC35F5                            9.905075e-09   1.000000  0.000051       -0.000101        0.000101             0.999899             1.000101     0.0  0.000193  0.999846  0.000222             
COX6C                              9.748676e-09   1.000000  0.000057       -0.000112        0.000112             0.999888             1.000112     0.0  0.000170  0.999864  0.000196             
DEFB1                              9.713667e-09   1.000000  0.000026       -0.000051        0.000051             0.999949             1.000051     0.0  0.000372  0.999703  0.000428             
CFAP100                            9.363697e-09   1.000000  0.000122       -0.000240        0.000240             0.999760             1.000240     0.0  0.000076  0.999939  0.000088             
LINC00970                          9.231923e-09   1.000000  0.000172       -0.000336        0.000336             0.999664             1.000337     0.0  0.000054  0.999957  0.000062             
CCNE2                              9.104335e-09   1.000000  0.000034       -0.000067        0.000068             0.999933             1.000068     0.0  0.000264  0.999789  0.000304             
IFT22                              8.811849e-09   1.000000  0.000061       -0.000119        0.000119             0.999881             1.000119     0.0  0.000145  0.999884  0.000167             
SNRPE                              8.362916e-09   1.000000  0.000061       -0.000119        0.000119             0.999881             1.000119     0.0  0.000138  0.999890  0.000159             
SRD5A1                             8.299872e-09   1.000000  0.000037       -0.000073        0.000073             0.999927             1.000073     0.0  0.000222  0.999823  0.000255             
RHPN1                              8.033128e-09   1.000000  0.000108       -0.000213        0.000213             0.999787             1.000213     0.0  0.000074  0.999941  0.000085             
LOC102723665                       7.822271e-09   1.000000  0.000066       -0.000129        0.000129             0.999871             1.000129     0.0  0.000119  0.999905  0.000137             
ELANE                              7.520592e-09   1.000000  0.000054       -0.000106        0.000106             0.999894             1.000106     0.0  0.000139  0.999889  0.000161             
TUNAR                              7.382042e-09   1.000000  0.000055       -0.000107        0.000108             0.999893             1.000108     0.0  0.000135  0.999893  0.000155             
MPST                               7.301463e-09   1.000000  0.000063       -0.000123        0.000123             0.999877             1.000123     0.0  0.000116  0.999907  0.000134             
BRINP1                             7.249587e-09   1.000000  0.000042       -0.000083        0.000083             0.999917             1.000083     0.0  0.000171  0.999863  0.000197             
FLRT2-AS1                          7.220794e-09   1.000000  0.000156       -0.000306        0.000306             0.999694             1.000306     0.0  0.000046  0.999963  0.000053             
YKT6                               7.167789e-09   1.000000  0.000050       -0.000098        0.000098             0.999902             1.000098     0.0  0.000143  0.999886  0.000165             
QPCT                               7.121610e-09   1.000000  0.000023       -0.000046        0.000046             0.999954             1.000046     0.0  0.000305  0.999757  0.000351             
CEL                                6.910043e-09   1.000000  0.000025       -0.000048        0.000048             0.999952             1.000048     0.0  0.000280  0.999777  0.000322             
HEATR9                             6.841401e-09   1.000000  0.000176       -0.000345        0.000345             0.999655             1.000345     0.0  0.000039  0.999969  0.000045             
FBXO15                             6.441934e-09   1.000000  0.000035       -0.000069        0.000069             0.999931             1.000069     0.0  0.000184  0.999854  0.000211             
MIA                                6.411571e-09   1.000000  0.000036       -0.000071        0.000071             0.999929             1.000071     0.0  0.000177  0.999859  0.000204             
LINC00474                          6.404200e-09   1.000000  0.000255       -0.000500        0.000500             0.999500             1.000500     0.0  0.000025  0.999980  0.000029             
ARID2                              6.388286e-09   1.000000  0.000053       -0.000104        0.000104             0.999896             1.000104     0.0  0.000120  0.999904  0.000138             
TXNDC12                            6.357748e-09   1.000000  0.000087       -0.000170        0.000170             0.999830             1.000170     0.0  0.000073  0.999941  0.000085             
MRPL15                             6.185118e-09   1.000000  0.000050       -0.000099        0.000099             0.999901             1.000099     0.0  0.000123  0.999902  0.000141             
NR2C2AP                            5.606237e-09   1.000000  0.000073       -0.000143        0.000143             0.999857             1.000143     0.0  0.000077  0.999939  0.000089             
LINC00459                          5.485901e-09   1.000000  0.000154       -0.000302        0.000302             0.999698             1.000302     0.0  0.000036  0.999972  0.000041             
MIR924HG                           5.132118e-09   1.000000  0.000090       -0.000177        0.000177             0.999823             1.000177     0.0  0.000057  0.999955  0.000065             
IL18RAP                            4.941655e-09   1.000000  0.000046       -0.000091        0.000091             0.999909             1.000091     0.0  0.000106  0.999915  0.000123             
LOC646903                          4.941064e-09   1.000000  0.000040       -0.000078        0.000078             0.999922             1.000078     0.0  0.000124  0.999901  0.000143             
Stage_IB                           4.775364e-09   1.000000  0.000058       -0.000114        0.000114             0.999886             1.000114     0.0  0.000082  0.999935  0.000094             
PTP4A1                             4.495026e-09   1.000000  0.000037       -0.000072        0.000072             0.999928             1.000072     0.0  0.000122  0.999902  0.000141             
LRRC3C                             4.491669e-09   1.000000  0.000081       -0.000158        0.000158             0.999842             1.000158     0.0  0.000056  0.999956  0.000064             
PFAS                               4.479894e-09   1.000000  0.000058       -0.000114        0.000114             0.999886             1.000114     0.0  0.000077  0.999939  0.000088             
CD5L                               4.451755e-09   1.000000  0.000158       -0.000310        0.000310             0.999690             1.000310     0.0  0.000028  0.999978  0.000032             
PRRG4                              4.447205e-09   1.000000  0.000040       -0.000078        0.000078             0.999922             1.000078     0.0  0.000111  0.999911  0.000128             
OGG1                               4.096624e-09   1.000000  0.000076       -0.000149        0.000149             0.999851             1.000149     0.0  0.000054  0.999957  0.000062             
HEPACAM2                           4.053433e-09   1.000000  0.000026       -0.000050        0.000050             0.999950             1.000050     0.0  0.000159  0.999873  0.000183             
CEBPD                              4.003199e-09   1.000000  0.000036       -0.000071        0.000071             0.999929             1.000071     0.0  0.000111  0.999912  0.000127             
ZNF446                             3.817903e-09   1.000000  0.000106       -0.000208        0.000208             0.999792             1.000208     0.0  0.000036  0.999971  0.000041             
SPRR1B                             3.770266e-09   1.000000  0.000012       -0.000024        0.000024             0.999976             1.000024     0.0  0.000310  0.999752  0.000357             
PIR                                3.734494e-09   1.000000  0.000023       -0.000046        0.000046             0.999954             1.000046     0.0  0.000160  0.999872  0.000185             
LTB4R2                             3.674463e-09   1.000000  0.000092       -0.000181        0.000181             0.999819             1.000181     0.0  0.000040  0.999968  0.000046             
SDC1                               3.660872e-09   1.000000  0.000038       -0.000075        0.000075             0.999925             1.000075     0.0  0.000095  0.999924  0.000109             
UGT1A9                             3.635202e-09   1.000000  0.000018       -0.000036        0.000036             0.999964             1.000036     0.0  0.000197  0.999843  0.000227             
JAKMIP2-AS1                        3.531674e-09   1.000000  0.000122       -0.000239        0.000239             0.999762             1.000239     0.0  0.000029  0.999977  0.000033             
P2RY14                             3.488046e-09   1.000000  0.000033       -0.000064        0.000064             0.999936             1.000064     0.0  0.000107  0.999915  0.000123             
NOP16                              3.465963e-09   1.000000  0.000083       -0.000163        0.000163             0.999837             1.000163     0.0  0.000042  0.999967  0.000048             
MAGEA3                             3.439860e-09   1.000000  0.000013       -0.000026        0.000026             0.999974             1.000026     0.0  0.000258  0.999794  0.000298             
LAX1                               3.081798e-09   1.000000  0.000032       -0.000062        0.000062             0.999938             1.000062     0.0  0.000097  0.999923  0.000112             
USP2                               3.016717e-09   1.000000  0.000102       -0.000200        0.000200             0.999800             1.000200     0.0  0.000030  0.999976  0.000034             
HDDC3                              2.932867e-09   1.000000  0.000070       -0.000137        0.000137             0.999863             1.000137     0.0  0.000042  0.999967  0.000048             
SHISA3                             2.885794e-09   1.000000  0.000017       -0.000034        0.000034             0.999966             1.000034     0.0  0.000165  0.999868  0.000190             
CHERP                              2.848784e-09   1.000000  0.000125       -0.000245        0.000245             0.999755             1.000245     0.0  0.000023  0.999982  0.000026             
GABRR3                             2.794183e-09   1.000000  0.000170       -0.000333        0.000333             0.999667             1.000333     0.0  0.000016  0.999987  0.000019             
H19                                2.780662e-09   1.000000  0.000016       -0.000032        0.000032             0.999968             1.000032     0.0  0.000172  0.999863  0.000198             
HOXC11                             2.770931e-09   1.000000  0.000075       -0.000147        0.000147             0.999853             1.000147     0.0  0.000037  0.999971  0.000042             
ACAD9                              2.449709e-09   1.000000  0.000066       -0.000130        0.000130             0.999870             1.000130     0.0  0.000037  0.999971  0.000043             
LINC02912                          1.861748e-09   1.000000  0.000193       -0.000379        0.000379             0.999622             1.000379     0.0  0.000010  0.999992  0.000011             
GBP2                               1.761152e-09   1.000000  0.000034       -0.000067        0.000067             0.999933             1.000067     0.0  0.000051  0.999959  0.000059             
IDH1-AS1                           1.670584e-09   1.000000  0.000063       -0.000123        0.000123             0.999877             1.000123     0.0  0.000027  0.999979  0.000031             
DNAAF5                             1.366626e-09   1.000000  0.000060       -0.000118        0.000118             0.999882             1.000118     0.0  0.000023  0.999982  0.000026             
AFAP1-AS1                          1.348125e-09   1.000000  0.000018       -0.000035        0.000035             0.999965             1.000035     0.0  0.000075  0.999940  0.000087             
GIMAP2                             1.320836e-09   1.000000  0.000031       -0.000060        0.000060             0.999940             1.000060     0.0  0.000043  0.999965  0.000050             
FUS                                1.287991e-09   1.000000  0.000074       -0.000146        0.000146             0.999854             1.000146     0.0  0.000017  0.999986  0.000020             
OVOL2                              1.106814e-09   1.000000  0.000057       -0.000112        0.000112             0.999888             1.000112     0.0  0.000019  0.999985  0.000022             
STEAP3                             1.021434e-09   1.000000  0.000038       -0.000074        0.000074             0.999926             1.000074     0.0  0.000027  0.999979  0.000031             
LAMP5                              1.018526e-09   1.000000  0.000028       -0.000055        0.000055             0.999945             1.000055     0.0  0.000036  0.999971  0.000042             
HNMT                               8.634323e-10   1.000000  0.000060       -0.000119        0.000119             0.999881             1.000119     0.0  0.000014  0.999989  0.000016             
IRS4                               7.696209e-10   1.000000  0.000058       -0.000113        0.000113             0.999887             1.000113     0.0  0.000013  0.999989  0.000015             
USP25                              1.361042e-10   1.000000  0.000039       -0.000077        0.000077             0.999923             1.000077     0.0  0.000003  0.999997  0.000004             
U2AF1                              7.720871e-11   1.000000  0.000055       -0.000108        0.000108             0.999892             1.000108     0.0  0.000001  0.999999  0.000002             
ANXA2R-AS1                        -2.102994e-10   1.000000  0.000044       -0.000086        0.000086             0.999914             1.000086     0.0 -0.000005  0.999996  0.000006             
TNFAIP6                           -3.992538e-10   1.000000  0.000024       -0.000048        0.000048             0.999952             1.000048     0.0 -0.000016  0.999987  0.000019             
PAXBP1                            -5.241972e-10   1.000000  0.000064       -0.000125        0.000125             0.999875             1.000125     0.0 -0.000008  0.999993  0.000009             
SHARPIN                           -5.752241e-10   1.000000  0.000068       -0.000133        0.000133             0.999867             1.000133     0.0 -0.000008  0.999993  0.000010             
KRT80                             -6.883363e-10   1.000000  0.000025       -0.000049        0.000049             0.999951             1.000049     0.0 -0.000027  0.999978  0.000032             
CELF2-AS1                         -1.306612e-09   1.000000  0.000124       -0.000244        0.000244             0.999756             1.000244     0.0 -0.000011  0.999992  0.000012             
EPS8L3                            -1.350744e-09   1.000000  0.000039       -0.000077        0.000077             0.999923             1.000077     0.0 -0.000034  0.999973  0.000040             
S100B                             -1.539854e-09   1.000000  0.000045       -0.000089        0.000089             0.999911             1.000089     0.0 -0.000034  0.999973  0.000039             
TRIOBP                            -1.601416e-09   1.000000  0.000077       -0.000151        0.000151             0.999849             1.000151     0.0 -0.000021  0.999983  0.000024             
HOXD3                             -1.644782e-09   1.000000  0.000080       -0.000157        0.000157             0.999843             1.000157     0.0 -0.000021  0.999984  0.000024             
LINC00504                         -1.646014e-09   1.000000  0.000171       -0.000336        0.000336             0.999665             1.000336     0.0 -0.000010  0.999992  0.000011             
FIGN                              -1.779988e-09   1.000000  0.000053       -0.000103        0.000103             0.999897             1.000103     0.0 -0.000034  0.999973  0.000039             
DPYD                              -2.091673e-09   1.000000  0.000068       -0.000133        0.000133             0.999867             1.000133     0.0 -0.000031  0.999975  0.000036             
MRPL19                            -2.172676e-09   1.000000  0.000052       -0.000102        0.000102             0.999898             1.000102     0.0 -0.000042  0.999967  0.000048             
SPIRE2                            -2.430159e-09   1.000000  0.000064       -0.000126        0.000126             0.999874             1.000126     0.0 -0.000038  0.999970  0.000044             
TMEM8B                            -2.638515e-09   1.000000  0.000075       -0.000148        0.000148             0.999852             1.000148     0.0 -0.000035  0.999972  0.000040             
MED13L                            -2.689946e-09   1.000000  0.000054       -0.000106        0.000106             0.999894             1.000106     0.0 -0.000050  0.999960  0.000057             
KIR2DL3                           -3.043104e-09   1.000000  0.000078       -0.000154        0.000154             0.999846             1.000154     0.0 -0.000039  0.999969  0.000045             
INVS                              -3.086867e-09   1.000000  0.000126       -0.000247        0.000247             0.999753             1.000247     0.0 -0.000025  0.999980  0.000028             
AK2                               -3.171457e-09   1.000000  0.000052       -0.000101        0.000101             0.999899             1.000101     0.0 -0.000062  0.999951  0.000071             
LINC02595                         -3.253361e-09   1.000000  0.000131       -0.000256        0.000256             0.999744             1.000256     0.0 -0.000025  0.999980  0.000029             
PRSS2                             -3.337339e-09   1.000000  0.000022       -0.000043        0.000043             0.999957             1.000043     0.0 -0.000152  0.999879  0.000175             
SPSB3                             -3.564455e-09   1.000000  0.000100       -0.000195        0.000195             0.999805             1.000195     0.0 -0.000036  0.999971  0.000041             
ZBED10P                           -3.645078e-09   1.000000  0.000048       -0.000094        0.000094             0.999906             1.000094     0.0 -0.000076  0.999939  0.000088             
RLN1                              -3.745405e-09   1.000000  0.000082       -0.000161        0.000161             0.999839             1.000161     0.0 -0.000046  0.999964  0.000053             
SDC2                              -3.902030e-09   1.000000  0.000032       -0.000062        0.000062             0.999938             1.000062     0.0 -0.000124  0.999901  0.000142             
UBE2J1                            -3.936912e-09   1.000000  0.000049       -0.000096        0.000096             0.999904             1.000096     0.0 -0.000080  0.999936  0.000092             
GABRB2                            -4.104653e-09   1.000000  0.000040       -0.000077        0.000077             0.999923             1.000077     0.0 -0.000104  0.999917  0.000120             
LINC02796                         -4.258075e-09   1.000000  0.000186       -0.000365        0.000365             0.999635             1.000365     0.0 -0.000023  0.999982  0.000026             
CD40LG                            -5.244218e-09   1.000000  0.000121       -0.000237        0.000237             0.999763             1.000237     0.0 -0.000043  0.999965  0.000050             
PCSK1N                            -5.366079e-09   1.000000  0.000028       -0.000055        0.000055             0.999945             1.000055     0.0 -0.000191  0.999847  0.000220             
FOXB1                             -5.583430e-09   1.000000  0.000116       -0.000227        0.000227             0.999773             1.000227     0.0 -0.000048  0.999962  0.000056             
DNAH12                            -5.594582e-09   1.000000  0.000047       -0.000091        0.000091             0.999909             1.000091     0.0 -0.000120  0.999904  0.000138             
NPL                               -5.667054e-09   1.000000  0.000033       -0.000064        0.000064             0.999936             1.000064     0.0 -0.000172  0.999863  0.000198             
MARCKS                            -5.797947e-09   1.000000  0.000040       -0.000078        0.000078             0.999922             1.000078     0.0 -0.000145  0.999884  0.000167             
TAS1R1                            -5.808609e-09   1.000000  0.000099       -0.000195        0.000195             0.999805             1.000195     0.0 -0.000058  0.999953  0.000067             
SYS1                              -6.392292e-09   1.000000  0.000086       -0.000168        0.000168             0.999832             1.000168     0.0 -0.000074  0.999941  0.000086             
DAGLB                             -6.580583e-09   1.000000  0.000057       -0.000111        0.000111             0.999889             1.000111     0.0 -0.000116  0.999907  0.000134             
TNS1                              -6.744361e-09   1.000000  0.000058       -0.000114        0.000114             0.999886             1.000114     0.0 -0.000116  0.999907  0.000134             
PPM1L                             -6.791679e-09   1.000000  0.000059       -0.000115        0.000115             0.999885             1.000115     0.0 -0.000115  0.999908  0.000133             
THEM6                             -6.880963e-09   1.000000  0.000049       -0.000097        0.000097             0.999903             1.000097     0.0 -0.000139  0.999889  0.000160             
LOC100506405                      -7.126355e-09   1.000000  0.000064       -0.000125        0.000125             0.999875             1.000125     0.0 -0.000111  0.999911  0.000128             
SIRT7                             -7.417986e-09   1.000000  0.000076       -0.000150        0.000150             0.999850             1.000150     0.0 -0.000097  0.999923  0.000112             
ANKRD13C-DT                       -7.484818e-09   1.000000  0.000042       -0.000081        0.000081             0.999919             1.000081     0.0 -0.000180  0.999856  0.000208             
SHOX2                             -7.692022e-09   1.000000  0.000038       -0.000074        0.000074             0.999926             1.000074     0.0 -0.000203  0.999838  0.000234             
H2BC12                            -7.980117e-09   1.000000  0.000035       -0.000069        0.000069             0.999931             1.000069     0.0 -0.000226  0.999819  0.000261             
SCGB1D2                           -8.148596e-09   1.000000  0.000039       -0.000076        0.000076             0.999924             1.000076     0.0 -0.000210  0.999833  0.000241             
STC1                              -8.351468e-09   1.000000  0.000028       -0.000055        0.000055             0.999945             1.000055     0.0 -0.000297  0.999763  0.000341             
BRINP3-DT                         -8.494195e-09   1.000000  0.000163       -0.000320        0.000320             0.999680             1.000320     0.0 -0.000052  0.999958  0.000060             
ABCF2                             -8.925408e-09   1.000000  0.000088       -0.000172        0.000172             0.999828             1.000172     0.0 -0.000102  0.999919  0.000117             
BANF2                             -9.175552e-09   1.000000  0.000167       -0.000327        0.000327             0.999673             1.000327     0.0 -0.000055  0.999956  0.000063             
DDI2                              -9.662240e-09   1.000000  0.000070       -0.000137        0.000137             0.999863             1.000137     0.0 -0.000139  0.999889  0.000160             
SLC35B2                           -9.737523e-09   1.000000  0.000063       -0.000123        0.000123             0.999877             1.000123     0.0 -0.000156  0.999876  0.000179             
MYG1                              -9.966456e-09   1.000000  0.000071       -0.000139        0.000139             0.999861             1.000139     0.0 -0.000141  0.999888  0.000162             
CFAP43                            -1.002101e-08   1.000000  0.000149       -0.000293        0.000293             0.999707             1.000293     0.0 -0.000067  0.999946  0.000077             
EXOC7                             -1.033217e-08   1.000000  0.000085       -0.000166        0.000166             0.999834             1.000166     0.0 -0.000122  0.999903  0.000141             
MARS2                             -1.038581e-08   1.000000  0.000060       -0.000118        0.000118             0.999882             1.000118     0.0 -0.000173  0.999862  0.000199             
PRRC2B                            -1.051702e-08   1.000000  0.000065       -0.000127        0.000126             0.999873             1.000126     0.0 -0.000163  0.999870  0.000188             
MAGEH1                            -1.087560e-08   1.000000  0.000058       -0.000113        0.000113             0.999887             1.000113     0.0 -0.000189  0.999849  0.000217             
SERTM1                            -1.198760e-08   1.000000  0.000050       -0.000099        0.000099             0.999901             1.000099     0.0 -0.000238  0.999810  0.000274             
ATF4                              -1.201423e-08   1.000000  0.000081       -0.000159        0.000159             0.999841             1.000159     0.0 -0.000148  0.999882  0.000171             
AP3B1                             -1.238989e-08   1.000000  0.000096       -0.000188        0.000188             0.999812             1.000188     0.0 -0.000129  0.999897  0.000148             
APOE                              -1.284837e-08   1.000000  0.000041       -0.000080        0.000080             0.999920             1.000080     0.0 -0.000313  0.999750  0.000361             
WASF3                             -1.304291e-08   1.000000  0.000039       -0.000076        0.000076             0.999924             1.000076     0.0 -0.000336  0.999732  0.000386             
KCNE3                             -1.304952e-08   1.000000  0.000054       -0.000107        0.000107             0.999893             1.000107     0.0 -0.000240  0.999809  0.000276             
OCA2                              -1.305271e-08   1.000000  0.000048       -0.000094        0.000094             0.999906             1.000094     0.0 -0.000271  0.999784  0.000312             
CRMP1                             -1.336609e-08   1.000000  0.000047       -0.000093        0.000093             0.999907             1.000093     0.0 -0.000282  0.999775  0.000325             
TNFRSF12A                         -1.384452e-08   1.000000  0.000044       -0.000086        0.000086             0.999914             1.000086     0.0 -0.000315  0.999748  0.000363             
SGMS2                             -1.394841e-08   1.000000  0.000046       -0.000090        0.000090             0.999910             1.000090     0.0 -0.000304  0.999757  0.000350             
BMP1                              -1.444063e-08   1.000000  0.000075       -0.000147        0.000147             0.999853             1.000147     0.0 -0.000192  0.999847  0.000221             
HBA1                              -1.445809e-08   1.000000  0.000036       -0.000071        0.000071             0.999929             1.000071     0.0 -0.000398  0.999682  0.000459             
VLDLR                             -1.470573e-08   1.000000  0.000040       -0.000079        0.000079             0.999921             1.000079     0.0 -0.000365  0.999709  0.000420             
ANKS1A                            -1.474004e-08   1.000000  0.000067       -0.000132        0.000132             0.999868             1.000132     0.0 -0.000219  0.999825  0.000253             
KATNBL1                           -1.541896e-08   1.000000  0.000062       -0.000122        0.000122             0.999878             1.000122     0.0 -0.000247  0.999803  0.000285             
ZBED5-AS1                         -1.549078e-08   1.000000  0.000054       -0.000105        0.000105             0.999895             1.000105     0.0 -0.000288  0.999770  0.000331             
MSRB2                             -1.603244e-08   1.000000  0.000060       -0.000119        0.000119             0.999881             1.000119     0.0 -0.000265  0.999788  0.000305             
EIF2AK3                           -1.663338e-08   1.000000  0.000121       -0.000236        0.000236             0.999764             1.000236     0.0 -0.000138  0.999890  0.000159             
TMC1                              -1.695433e-08   1.000000  0.000168       -0.000329        0.000329             0.999671             1.000329     0.0 -0.000101  0.999919  0.000116             
SEPTIN7P14                        -1.715094e-08   1.000000  0.000103       -0.000202        0.000202             0.999798             1.000202     0.0 -0.000166  0.999867  0.000191             
CHM                               -1.727828e-08   1.000000  0.000090       -0.000177        0.000177             0.999823             1.000177     0.0 -0.000192  0.999847  0.000221             
LOC101929774                      -1.733645e-08   1.000000  0.000153       -0.000299        0.000299             0.999701             1.000299     0.0 -0.000114  0.999909  0.000131             
LOC105373334                      -1.736435e-08   1.000000  0.000077       -0.000151        0.000151             0.999849             1.000151     0.0 -0.000226  0.999820  0.000260             
PAK3                              -1.745924e-08   1.000000  0.000044       -0.000086        0.000086             0.999914             1.000086     0.0 -0.000397  0.999684  0.000457             
FLJ42627                          -1.748349e-08   1.000000  0.000080       -0.000157        0.000157             0.999843             1.000157     0.0 -0.000218  0.999826  0.000251             
KANSL1                            -1.756937e-08   1.000000  0.000063       -0.000123        0.000123             0.999877             1.000123     0.0 -0.000280  0.999777  0.000322             
GGPS1                             -1.818975e-08   1.000000  0.000061       -0.000119        0.000119             0.999881             1.000119     0.0 -0.000301  0.999760  0.000346             
SLC11A2                           -1.839018e-08   1.000000  0.000063       -0.000123        0.000123             0.999877             1.000123     0.0 -0.000294  0.999765  0.000339             
H3C7                              -1.845406e-08   1.000000  0.000090       -0.000176        0.000176             0.999824             1.000176     0.0 -0.000206  0.999836  0.000237             
BEST4                             -1.852127e-08   1.000000  0.000076       -0.000150        0.000150             0.999850             1.000150     0.0 -0.000242  0.999807  0.000279             
C6orf226                          -1.854166e-08   1.000000  0.000077       -0.000151        0.000151             0.999849             1.000151     0.0 -0.000241  0.999808  0.000277             
TUT7                              -1.876562e-08   1.000000  0.000066       -0.000130        0.000130             0.999870             1.000130     0.0 -0.000284  0.999773  0.000327             
OSCAR                             -1.923785e-08   1.000000  0.000055       -0.000107        0.000107             0.999893             1.000107     0.0 -0.000353  0.999719  0.000406             
LINC01227                         -1.988307e-08   1.000000  0.000193       -0.000378        0.000378             0.999622             1.000378     0.0 -0.000103  0.999918  0.000119             
PLAAT2                            -1.991542e-08   1.000000  0.000115       -0.000226        0.000226             0.999774             1.000226     0.0 -0.000173  0.999862  0.000199             
PTRHD1                            -1.996924e-08   1.000000  0.000069       -0.000136        0.000136             0.999864             1.000136     0.0 -0.000289  0.999770  0.000332             
TTC29                             -2.017692e-08   1.000000  0.000053       -0.000104        0.000104             0.999896             1.000104     0.0 -0.000379  0.999698  0.000436             
SIM2                              -2.068563e-08   1.000000  0.000097       -0.000190        0.000190             0.999810             1.000190     0.0 -0.000213  0.999830  0.000246             
CNNM4                             -2.097638e-08   1.000000  0.000068       -0.000134        0.000134             0.999866             1.000134     0.0 -0.000307  0.999755  0.000354             
FBXO39                            -2.101897e-08   1.000000  0.000188       -0.000369        0.000369             0.999631             1.000369     0.0 -0.000112  0.999911  0.000129             
GPX5                              -2.154408e-08   1.000000  0.000168       -0.000329        0.000329             0.999671             1.000329     0.0 -0.000128  0.999898  0.000148             
EIF4EBP3                          -2.241772e-08   1.000000  0.000066       -0.000129        0.000129             0.999871             1.000129     0.0 -0.000341  0.999728  0.000392             
GPHN                              -2.288544e-08   1.000000  0.000075       -0.000148        0.000148             0.999852             1.000148     0.0 -0.000304  0.999757  0.000350             
CDC42BPA                          -2.366851e-08   1.000000  0.000063       -0.000123        0.000123             0.999877             1.000123     0.0 -0.000376  0.999700  0.000433             
MFSD6L                            -2.375437e-08   1.000000  0.000082       -0.000161        0.000160             0.999839             1.000160     0.0 -0.000290  0.999769  0.000334             
PITPNA                            -2.436340e-08   1.000000  0.000086       -0.000168        0.000168             0.999832             1.000168     0.0 -0.000284  0.999774  0.000327             
GRN                               -2.460098e-08   1.000000  0.000071       -0.000138        0.000138             0.999862             1.000138     0.0 -0.000349  0.999722  0.000401             
PRSS22                            -2.498329e-08   1.000000  0.000082       -0.000162        0.000162             0.999838             1.000162     0.0 -0.000303  0.999758  0.000349             
TMCC1                             -2.506903e-08   1.000000  0.000080       -0.000157        0.000157             0.999843             1.000157     0.0 -0.000313  0.999750  0.000360             
MBNL2                             -2.510088e-08   1.000000  0.000073       -0.000143        0.000142             0.999857             1.000142     0.0 -0.000345  0.999725  0.000397             
CDKN2B                            -2.516524e-08   1.000000  0.000064       -0.000126        0.000126             0.999874             1.000126     0.0 -0.000393  0.999687  0.000452             
NCAM1                             -2.529822e-08   1.000000  0.000103       -0.000201        0.000201             0.999799             1.000201     0.0 -0.000246  0.999803  0.000284             
NEGR1-IT1                         -2.566771e-08   1.000000  0.000168       -0.000329        0.000328             0.999672             1.000329     0.0 -0.000153  0.999878  0.000176             
IFNGR2                            -2.581303e-08   1.000000  0.000084       -0.000165        0.000165             0.999835             1.000165     0.0 -0.000306  0.999756  0.000352             
HNRNPCL1                          -2.656870e-08   1.000000  0.000125       -0.000245        0.000245             0.999755             1.000245     0.0 -0.000213  0.999830  0.000245             
IGHMBP2                           -2.720717e-08   1.000000  0.000115       -0.000225        0.000225             0.999775             1.000225     0.0 -0.000237  0.999811  0.000273             
ODF2                              -2.738377e-08   1.000000  0.000087       -0.000171        0.000171             0.999829             1.000171     0.0 -0.000314  0.999750  0.000361             
LINC02708                         -2.742983e-08   1.000000  0.000140       -0.000274        0.000274             0.999726             1.000274     0.0 -0.000196  0.999843  0.000226             
RSPO1                             -2.754036e-08   1.000000  0.000088       -0.000173        0.000173             0.999827             1.000173     0.0 -0.000313  0.999750  0.000360             
SPACA9                            -2.936955e-08   1.000000  0.000104       -0.000203        0.000203             0.999797             1.000203     0.0 -0.000284  0.999774  0.000326             
COMT                              -3.005202e-08   1.000000  0.000105       -0.000207        0.000207             0.999793             1.000207     0.0 -0.000285  0.999773  0.000328             
DEFA6                             -3.028795e-08   1.000000  0.000107       -0.000210        0.000210             0.999790             1.000210     0.0 -0.000283  0.999774  0.000326             
LOC283038                         -3.153018e-08   1.000000  0.000196       -0.000384        0.000384             0.999616             1.000384     0.0 -0.000161  0.999872  0.000185             
GABRA2                            -3.273407e-08   1.000000  0.000100       -0.000195        0.000195             0.999805             1.000195     0.0 -0.000329  0.999738  0.000379             
THBS3                             -3.278611e-08   1.000000  0.000091       -0.000177        0.000177             0.999823             1.000177     0.0 -0.000362  0.999711  0.000417             
PLBD2                             -3.287557e-08   1.000000  0.000099       -0.000195        0.000195             0.999805             1.000195     0.0 -0.000331  0.999736  0.000381             
LINC00933                         -3.392051e-08   1.000000  0.000143       -0.000281        0.000281             0.999719             1.000281     0.0 -0.000237  0.999811  0.000272             
LINC01547                         -3.578487e-08   1.000000  0.000128       -0.000250        0.000250             0.999750             1.000250     0.0 -0.000280  0.999776  0.000323             
KCNK2                             -3.638957e-08   1.000000  0.000106       -0.000208        0.000208             0.999792             1.000208     0.0 -0.000343  0.999726  0.000395             
DAAM2                             -3.697365e-08   1.000000  0.000106       -0.000208        0.000208             0.999792             1.000208     0.0 -0.000349  0.999722  0.000402             
PNRC1                             -3.770311e-08   1.000000  0.000109       -0.000213        0.000213             0.999787             1.000213     0.0 -0.000347  0.999723  0.000400             
RAD9A                             -3.820935e-08   1.000000  0.000110       -0.000215        0.000215             0.999785             1.000215     0.0 -0.000348  0.999722  0.000401             
ICOSLG                            -3.948208e-08   1.000000  0.000160       -0.000315        0.000314             0.999685             1.000315     0.0 -0.000246  0.999804  0.000283             
ARHGEF4                           -3.967511e-08   1.000000  0.000137       -0.000268        0.000268             0.999732             1.000268     0.0 -0.000290  0.999769  0.000334             
POMGNT2                           -3.976098e-08   1.000000  0.000100       -0.000195        0.000195             0.999805             1.000195     0.0 -0.000399  0.999682  0.000459             
Race_Unknown                      -3.995484e-08   1.000000  0.000107       -0.000210        0.000210             0.999790             1.000210     0.0 -0.000373  0.999703  0.000429             
PLSCR2                            -4.054360e-08   1.000000  0.000152       -0.000299        0.000299             0.999701             1.000299     0.0 -0.000266  0.999788  0.000306             
INTS4P1                           -4.076894e-08   1.000000  0.000152       -0.000298        0.000298             0.999702             1.000298     0.0 -0.000268  0.999786  0.000309             
LINC00445                         -4.099823e-08   1.000000  0.000160       -0.000314        0.000314             0.999686             1.000314     0.0 -0.000256  0.999796  0.000295             
H4C2                              -4.268194e-08   1.000000  0.000122       -0.000239        0.000238             0.999761             1.000239     0.0 -0.000351  0.999720  0.000404             
CALHM1                            -4.275605e-08   1.000000  0.000136       -0.000266        0.000266             0.999734             1.000266     0.0 -0.000315  0.999748  0.000363             
VMO1                              -4.510379e-08   1.000000  0.000127       -0.000249        0.000249             0.999751             1.000249     0.0 -0.000355  0.999717  0.000409             
ZNF503                            -4.635801e-08   1.000000  0.000131       -0.000256        0.000256             0.999744             1.000256     0.0 -0.000355  0.999717  0.000409             
SGSH                              -4.638270e-08   1.000000  0.000116       -0.000228        0.000228             0.999772             1.000228     0.0 -0.000399  0.999682  0.000459             
CXCL16                            -4.681245e-08   1.000000  0.000144       -0.000282        0.000281             0.999719             1.000281     0.0 -0.000326  0.999740  0.000375             
TRIM32                            -4.719151e-08   1.000000  0.000119       -0.000233        0.000233             0.999767             1.000233     0.0 -0.000398  0.999683  0.000458             
GALR1                             -4.719324e-08   1.000000  0.000163       -0.000319        0.000319             0.999681             1.000319     0.0 -0.000290  0.999769  0.000334             
WDR83OS                           -4.787494e-08   1.000000  0.000124       -0.000244        0.000243             0.999757             1.000243     0.0 -0.000385  0.999692  0.000444             
SCRN2                             -4.803979e-08   1.000000  0.000135       -0.000265        0.000265             0.999735             1.000265     0.0 -0.000355  0.999717  0.000409             
TFG                               -4.864381e-08   1.000000  0.000126       -0.000247        0.000247             0.999753             1.000247     0.0 -0.000386  0.999692  0.000445             
LOC100422526                      -5.192716e-08   1.000000  0.000145       -0.000284        0.000284             0.999716             1.000284     0.0 -0.000358  0.999714  0.000412             
ZNF264                            -5.230537e-08   1.000000  0.000136       -0.000267        0.000267             0.999733             1.000267     0.0 -0.000383  0.999694  0.000441             
DYNC1LI2-DT                       -5.316273e-08   1.000000  0.000228       -0.000448        0.000447             0.999553             1.000448     0.0 -0.000233  0.999814  0.000268             
SSNA1                             -5.351433e-08   1.000000  0.000134       -0.000263        0.000263             0.999737             1.000263     0.0 -0.000399  0.999682  0.000459             
GJB4                              -5.492262e-08   1.000000  0.000148       -0.000290        0.000289             0.999710             1.000289     0.0 -0.000372  0.999703  0.000428             
PPM1K                             -5.734596e-08   1.000000  0.000148       -0.000291        0.000290             0.999709             1.000290     0.0 -0.000387  0.999691  0.000445             
FKRP                              -5.796401e-08   1.000000  0.000146       -0.000286        0.000286             0.999714             1.000286     0.0 -0.000397  0.999683  0.000458             
SPIN2A                            -5.909514e-08   1.000000  0.000166       -0.000326        0.000326             0.999674             1.000326     0.0 -0.000355  0.999717  0.000409             
EFCAB13                           -6.059973e-08   1.000000  0.000170       -0.000333        0.000332             0.999667             1.000333     0.0 -0.000357  0.999715  0.000411             
YIPF2                             -6.372643e-08   1.000000  0.000160       -0.000314        0.000314             0.999686             1.000314     0.0 -0.000398  0.999682  0.000458             
LOC730098                         -6.419803e-08   1.000000  0.000163       -0.000320        0.000320             0.999680             1.000320     0.0 -0.000393  0.999687  0.000452             
OR8B8                             -7.343824e-08   1.000000  0.000199       -0.000390        0.000390             0.999610             1.000390     0.0 -0.000369  0.999705  0.000425             
NKX2-5                            -7.736468e-08   1.000000  0.000200       -0.000392        0.000392             0.999608             1.000392     0.0 -0.000387  0.999691  0.000445             
LL0XNC01-250H12.3                 -7.999393e-08   1.000000  0.000203       -0.000398        0.000398             0.999602             1.000398     0.0 -0.000394  0.999686  0.000453             
FAM47C                            -8.104183e-08   1.000000  0.000222       -0.000435        0.000434             0.999565             1.000435     0.0 -0.000366  0.999708  0.000421             
OR6B1                             -8.547181e-08   1.000000  0.000227       -0.000445        0.000445             0.999555             1.000445     0.0 -0.000377  0.999700  0.000434             
SLC34A3                           -8.859784e-08   1.000000  0.000236       -0.000463        0.000463             0.999537             1.000463     0.0 -0.000375  0.999701  0.000432             
TEKTL1                            -9.017767e-08   1.000000  0.000228       -0.000447        0.000447             0.999553             1.000447     0.0 -0.000395  0.999685  0.000455             
GRK3                              -9.149892e-08   1.000000  0.000429       -0.000841        0.000841             0.999160             1.000841     0.0 -0.000213  0.999830  0.000246             
GJC2                              -9.155175e-08   1.000000  0.000235       -0.000461        0.000461             0.999539             1.000461     0.0 -0.000389  0.999689  0.000448             
PCDHA5                            -9.576782e-08   1.000000  0.000240       -0.000471        0.000471             0.999529             1.000471     0.0 -0.000399  0.999682  0.000459             
TCTN1                             -1.021276e-07   1.000000  0.000296       -0.000581        0.000581             0.999419             1.000581     0.0 -0.000345  0.999725  0.000397             
IQSEC3                            -1.029376e-07   1.000000  0.000263       -0.000516        0.000516             0.999484             1.000516     0.0 -0.000391  0.999688  0.000450             
ASIC5                             -1.056925e-07   1.000000  0.000285       -0.000558        0.000558             0.999442             1.000558     0.0 -0.000371  0.999704  0.000427             
TTC28                             -1.066467e-07   1.000000  0.000316       -0.000619        0.000619             0.999381             1.000619     0.0 -0.000338  0.999731  0.000389             
TXNDC8                            -1.081740e-07   1.000000  0.000273       -0.000535        0.000535             0.999465             1.000535     0.0 -0.000396  0.999684  0.000456             
FBXL12                            -1.112665e-07   1.000000  0.000281       -0.000550        0.000550             0.999450             1.000550     0.0 -0.000396  0.999684  0.000456             
LOC100420872                      -1.240510e-07   1.000000  0.000313       -0.000613        0.000613             0.999387             1.000613     0.0 -0.000397  0.999684  0.000457             
ERICH4                            -1.321810e-07   1.000000  0.000340       -0.000666        0.000665             0.999335             1.000666     0.0 -0.000389  0.999689  0.000448             
RNF185-AS1                        -1.527674e-07   1.000000  0.000431       -0.000845        0.000844             0.999156             1.000845     0.0 -0.000355  0.999717  0.000408             
Stage_I                           -1.597628e-07   1.000000  0.000439       -0.000860        0.000860             0.999140             1.000861     0.0 -0.000364  0.999710  0.000419             
LINC01537                         -1.841369e-07   1.000000  0.000534       -0.001047        0.001046             0.998954             1.001047     0.0 -0.000345  0.999725  0.000397             
Race_White                        -2.628431e-07   1.000000  0.000994       -0.001949        0.001949             0.998053             1.001951     0.0 -0.000264  0.999789  0.000304             
LINC01648                         -2.591135e-04   0.999741  0.421603       -0.826587        0.826068             0.437540             2.284320     0.0 -0.000615  0.999510  0.000708             
Histology_Adenocarcinoma          -4.167376e-03   0.995841  0.221970       -0.439220        0.430885             0.644539             1.538619     0.0 -0.018775  0.985021  0.021774             
SPOP                              -8.161528e-03   0.991872  0.234076       -0.466942        0.450619             0.626916             1.569284     0.0 -0.034867  0.972186  0.040696             
ATXN7L3B                          -1.493515e-02   0.985176  0.193400       -0.393992        0.364121             0.674360             1.439249     0.0 -0.077224  0.938445  0.091656             
MXD4                              -1.998374e-02   0.980215  0.219802       -0.450787        0.410819             0.637127             1.508053     0.0 -0.090917  0.927558  0.108490             
COL4A1                            -2.442627e-02   0.975870  0.134163       -0.287382        0.238529             0.750225             1.269381     0.0 -0.182064  0.855533  0.225105             
ADAMTS16                          -5.369557e-02   0.947721  0.142397       -0.332788        0.225397             0.716922             1.252820     0.0 -0.377084  0.706111  0.502033             
NLRP8                             -1.344247e-01   0.874219  0.431054       -0.979276        0.710426             0.375583             2.034858     0.0 -0.311851  0.755154  0.405158             
CALR                              -1.484505e-01   0.862043  0.214554       -0.568969        0.272068             0.566109             1.312676     0.0 -0.691902  0.488999  1.032098             
Stage_IA                          -4.222564e-01   0.655566  0.173374       -0.762064       -0.082449             0.466702             0.920859     0.0 -2.435518  0.014871  6.071403            *

Model metrics: -535.7842
0.7775

Train Concordance = 0.777
Concordance on test set = 0.504
Partial AIC = 1901.568
log-likelihood ratio test = 12.669 on 415 df
-log2(p) of ll-ratio test = -0.000