                                           coef  exp(coef)  se(coef)  coef lower 95%  coef upper 95%  exp(coef) lower 95%  exp(coef) upper 95%  cmp to         z         p  -log2(p) significance
covariate                                                                                                                                                                                        
Stage_IIIA                         2.645543e-01   1.302850  0.720344       -1.147293        1.676402             0.317495             5.346285     0.0  0.367261  0.713424  0.487168             
MSTN                               2.278135e-01   1.255851  0.410770       -0.577280        1.032907             0.561423             2.809221     0.0  0.554601  0.579167  0.787948             
DPEP3                              7.784167e-02   1.080952  0.188006       -0.290644        0.446327             0.747782             1.562562     0.0  0.414038  0.678846  0.558843             
Stage_IIB                          7.648284e-02   1.079484  0.243712       -0.401185        0.554150             0.669526             1.740462     0.0  0.313824  0.753655  0.408025             
ELOVL7                             5.849475e-02   1.060239  0.079767       -0.097846        0.214836             0.906788             1.239658     0.0  0.733318  0.463364  1.109781             
Smoked?                            4.666123e-02   1.047767  0.180241       -0.306604        0.399926             0.735942             1.491715     0.0  0.258883  0.795726  0.329657             
Sex                                3.855791e-02   1.039311  0.162331       -0.279605        0.356721             0.756082             1.428637     0.0  0.237526  0.812249  0.300007             
Age                                3.091844e-03   1.003097  0.008543       -0.013651        0.019835             0.986441             1.020033     0.0  0.361931  0.717404  0.479143             
Histology_Large Cell Carcinoma     4.545383e-07   1.000000  0.000681       -0.001334        0.001335             0.998667             1.001336     0.0  0.000668  0.999467  0.000769             
Adjuvant Chemo                     3.993458e-07   1.000000  0.000839       -0.001644        0.001644             0.998358             1.001646     0.0  0.000476  0.999620  0.000548             
Stage_IIIB                         3.552471e-07   1.000000  0.000527       -0.001033        0.001033             0.998968             1.001034     0.0  0.000674  0.999462  0.000776             
IL1RL2                             3.188378e-07   1.000000  0.000585       -0.001146        0.001147             0.998855             1.001147     0.0  0.000545  0.999565  0.000628             
BRF1                               2.596248e-07   1.000000  0.000388       -0.000759        0.000760             0.999241             1.000760     0.0  0.000670  0.999466  0.000771             
LOC400627                          2.377596e-07   1.000000  0.000368       -0.000721        0.000721             0.999280             1.000721     0.0  0.000646  0.999484  0.000744             
Stage_IIA                          2.133150e-07   1.000000  0.000422       -0.000826        0.000827             0.999174             1.000827     0.0  0.000506  0.999596  0.000583             
Race_Caucasian                     1.979349e-07   1.000000  0.000296       -0.000580        0.000580             0.999420             1.000581     0.0  0.000669  0.999467  0.000770             
LINC01252                          1.942058e-07   1.000000  0.000288       -0.000565        0.000566             0.999435             1.000566     0.0  0.000673  0.999463  0.000775             
LINC00330                          1.905991e-07   1.000000  0.000291       -0.000569        0.000570             0.999431             1.000570     0.0  0.000656  0.999477  0.000755             
ZNF311                             1.671003e-07   1.000000  0.000292       -0.000572        0.000572             0.999428             1.000573     0.0  0.000572  0.999543  0.000659             
ZNF543                             1.635782e-07   1.000000  0.000335       -0.000656        0.000656             0.999345             1.000656     0.0  0.000489  0.999610  0.000563             
LOC101928526                       1.432914e-07   1.000000  0.000303       -0.000593        0.000593             0.999407             1.000593     0.0  0.000474  0.999622  0.000545             
Stage_II                           1.371736e-07   1.000000  0.000210       -0.000411        0.000411             0.999589             1.000411     0.0  0.000655  0.999478  0.000754             
TP53AIP1                           1.196627e-07   1.000000  0.000194       -0.000380        0.000380             0.999620             1.000380     0.0  0.000617  0.999507  0.000711             
Histology_Squamous Cell Carcinoma  1.169155e-07   1.000000  0.000188       -0.000368        0.000368             0.999633             1.000368     0.0  0.000623  0.999503  0.000718             
ZNF430                             1.085746e-07   1.000000  0.000163       -0.000319        0.000319             0.999681             1.000319     0.0  0.000667  0.999468  0.000768             
GGACT                              9.437286e-08   1.000000  0.000332       -0.000650        0.000650             0.999350             1.000650     0.0  0.000285  0.999773  0.000328             
FCHSD1                             8.806839e-08   1.000000  0.000196       -0.000384        0.000384             0.999616             1.000384     0.0  0.000450  0.999641  0.000518             
TIMM17B                            8.591578e-08   1.000000  0.000195       -0.000381        0.000382             0.999619             1.000382     0.0  0.000441  0.999648  0.000508             
ZNF696                             7.664498e-08   1.000000  0.000182       -0.000357        0.000357             0.999643             1.000358     0.0  0.000420  0.999665  0.000484             
ZBTB1                              7.430167e-08   1.000000  0.000126       -0.000247        0.000247             0.999753             1.000247     0.0  0.000590  0.999530  0.000679             
TFDP3                              7.160192e-08   1.000000  0.000236       -0.000462        0.000462             0.999538             1.000463     0.0  0.000304  0.999758  0.000349             
BVES-AS1                           7.128434e-08   1.000000  0.000218       -0.000428        0.000428             0.999572             1.000428     0.0  0.000326  0.999740  0.000376             
ERO1A                              7.082681e-08   1.000000  0.000110       -0.000216        0.000216             0.999784             1.000216     0.0  0.000644  0.999487  0.000741             
IL18R1                             7.043924e-08   1.000000  0.000107       -0.000210        0.000210             0.999790             1.000210     0.0  0.000658  0.999475  0.000758             
GAGE6                              6.597897e-08   1.000000  0.000104       -0.000204        0.000204             0.999796             1.000205     0.0  0.000633  0.999495  0.000728             
LINC03040                          5.622859e-08   1.000000  0.000124       -0.000243        0.000243             0.999757             1.000243     0.0  0.000454  0.999638  0.000523             
LINC02870                          5.474853e-08   1.000000  0.000195       -0.000382        0.000382             0.999618             1.000382     0.0  0.000281  0.999776  0.000323             
DPY19L2P4                          5.243880e-08   1.000000  0.000274       -0.000537        0.000537             0.999463             1.000537     0.0  0.000191  0.999847  0.000220             
KIF11                              5.200194e-08   1.000000  0.000077       -0.000152        0.000152             0.999848             1.000152     0.0  0.000672  0.999464  0.000774             
USP46-DT                           4.983906e-08   1.000000  0.000135       -0.000265        0.000265             0.999735             1.000265     0.0  0.000368  0.999706  0.000424             
C2CD4C                             4.904482e-08   1.000000  0.000183       -0.000359        0.000360             0.999641             1.000360     0.0  0.000267  0.999787  0.000308             
MAGEB2                             4.754700e-08   1.000000  0.000075       -0.000146        0.000146             0.999854             1.000146     0.0  0.000637  0.999492  0.000733             
BNIP1                              4.252566e-08   1.000000  0.000133       -0.000261        0.000261             0.999740             1.000261     0.0  0.000320  0.999745  0.000368             
ARHGAP27P1                         4.057928e-08   1.000000  0.000201       -0.000393        0.000393             0.999607             1.000393     0.0  0.000202  0.999839  0.000233             
COX6C                              3.783993e-08   1.000000  0.000100       -0.000196        0.000196             0.999804             1.000196     0.0  0.000378  0.999699  0.000435             
SLC35F5                            3.632540e-08   1.000000  0.000090       -0.000176        0.000177             0.999824             1.000177     0.0  0.000403  0.999678  0.000464             
RRAS2                              3.141824e-08   1.000000  0.000074       -0.000146        0.000146             0.999854             1.000146     0.0  0.000422  0.999663  0.000486             
EEF1B2                             3.030700e-08   1.000000  0.000126       -0.000247        0.000247             0.999753             1.000247     0.0  0.000240  0.999808  0.000277             
DEFB1                              3.014436e-08   1.000000  0.000047       -0.000091        0.000091             0.999909             1.000091     0.0  0.000647  0.999483  0.000745             
GNB2                               2.684716e-08   1.000000  0.000126       -0.000247        0.000247             0.999753             1.000247     0.0  0.000213  0.999830  0.000246             
ARID2                              2.471029e-08   1.000000  0.000091       -0.000179        0.000179             0.999821             1.000179     0.0  0.000271  0.999784  0.000311             
PNPLA7                             2.324503e-08   1.000000  0.000198       -0.000388        0.000388             0.999612             1.000388     0.0  0.000117  0.999906  0.000135             
MIR924HG                           1.959979e-08   1.000000  0.000153       -0.000301        0.000301             0.999699             1.000301     0.0  0.000128  0.999898  0.000147             
IL18RAP                            1.938869e-08   1.000000  0.000080       -0.000156        0.000156             0.999844             1.000156     0.0  0.000244  0.999806  0.000281             
QPCT                               1.898668e-08   1.000000  0.000039       -0.000076        0.000076             0.999924             1.000076     0.0  0.000491  0.999608  0.000566             
PTP4A1                             1.800281e-08   1.000000  0.000063       -0.000124        0.000124             0.999876             1.000124     0.0  0.000284  0.999773  0.000327             
BRINP1                             1.656047e-08   1.000000  0.000070       -0.000138        0.000138             0.999862             1.000138     0.0  0.000235  0.999812  0.000271             
PFAS                               1.515714e-08   1.000000  0.000099       -0.000194        0.000194             0.999806             1.000194     0.0  0.000153  0.999878  0.000176             
TUNAR                              1.228030e-08   1.000000  0.000091       -0.000179        0.000179             0.999821             1.000179     0.0  0.000135  0.999892  0.000155             
MRPL19                             1.225052e-08   1.000000  0.000088       -0.000173        0.000173             0.999827             1.000173     0.0  0.000139  0.999889  0.000160             
Stage_IB                           1.195291e-08   1.000000  0.000098       -0.000192        0.000192             0.999808             1.000192     0.0  0.000122  0.999903  0.000140             
PRRG4                              1.181441e-08   1.000000  0.000067       -0.000132        0.000132             0.999868             1.000132     0.0  0.000176  0.999860  0.000202             
SPRR1B                             9.547190e-09   1.000000  0.000020       -0.000039        0.000039             0.999961             1.000039     0.0  0.000483  0.999615  0.000556             
NR2C2AP                            8.307990e-09   1.000000  0.000122       -0.000240        0.000240             0.999761             1.000240     0.0  0.000068  0.999946  0.000078             
U2AF1                              3.462142e-09   1.000000  0.000093       -0.000183        0.000183             0.999817             1.000183     0.0  0.000037  0.999970  0.000043             
MED13L                             1.787870e-09   1.000000  0.000091       -0.000178        0.000178             0.999822             1.000179     0.0  0.000020  0.999984  0.000023             
STEAP3                            -2.005872e-09   1.000000  0.000064       -0.000126        0.000126             0.999874             1.000126     0.0 -0.000031  0.999975  0.000036             
FUS                               -2.069543e-09   1.000000  0.000126       -0.000246        0.000246             0.999754             1.000246     0.0 -0.000016  0.999987  0.000019             
LTB4R2                            -3.058383e-09   1.000000  0.000156       -0.000305        0.000305             0.999695             1.000305     0.0 -0.000020  0.999984  0.000023             
GABRR3                            -3.966886e-09   1.000000  0.000287       -0.000563        0.000563             0.999438             1.000563     0.0 -0.000014  0.999989  0.000016             
GABRB2                            -8.468548e-09   1.000000  0.000066       -0.000130        0.000130             0.999870             1.000130     0.0 -0.000128  0.999898  0.000147             
S100B                             -8.731785e-09   1.000000  0.000077       -0.000150        0.000150             0.999850             1.000150     0.0 -0.000114  0.999909  0.000131             
DPYD                              -9.122512e-09   1.000000  0.000115       -0.000224        0.000224             0.999776             1.000224     0.0 -0.000080  0.999936  0.000092             
TRIOBP                            -9.469805e-09   1.000000  0.000130       -0.000255        0.000255             0.999745             1.000255     0.0 -0.000073  0.999942  0.000084             
SDC2                              -1.180716e-08   1.000000  0.000053       -0.000105        0.000105             0.999895             1.000105     0.0 -0.000221  0.999824  0.000254             
RLN1                              -1.476862e-08   1.000000  0.000139       -0.000273        0.000273             0.999727             1.000273     0.0 -0.000106  0.999915  0.000122             
DDI2                              -1.640535e-08   1.000000  0.000116       -0.000227        0.000227             0.999773             1.000227     0.0 -0.000142  0.999887  0.000163             
STC1                              -2.060005e-08   1.000000  0.000046       -0.000090        0.000090             0.999910             1.000090     0.0 -0.000450  0.999641  0.000518             
LINC02796                         -2.349903e-08   1.000000  0.000316       -0.000619        0.000619             0.999381             1.000619     0.0 -0.000074  0.999941  0.000086             
H2BC12                            -2.430769e-08   1.000000  0.000060       -0.000118        0.000118             0.999882             1.000118     0.0 -0.000404  0.999678  0.000465             
LINC00504                         -2.739388e-08   1.000000  0.000291       -0.000569        0.000569             0.999431             1.000570     0.0 -0.000094  0.999925  0.000109             
LOC100506405                      -2.942785e-08   1.000000  0.000110       -0.000216        0.000216             0.999784             1.000216     0.0 -0.000267  0.999787  0.000307             
CD40LG                            -3.099917e-08   1.000000  0.000206       -0.000404        0.000404             0.999596             1.000404     0.0 -0.000150  0.999880  0.000173             
SPSB3                             -3.274166e-08   1.000000  0.000171       -0.000336        0.000336             0.999664             1.000336     0.0 -0.000191  0.999847  0.000220             
MYG1                              -4.115322e-08   1.000000  0.000123       -0.000242        0.000242             0.999758             1.000242     0.0 -0.000334  0.999734  0.000384             
GGPS1                             -4.263896e-08   1.000000  0.000097       -0.000190        0.000190             0.999810             1.000190     0.0 -0.000439  0.999650  0.000505             
KCNE3                             -4.313875e-08   1.000000  0.000095       -0.000186        0.000186             0.999814             1.000186     0.0 -0.000455  0.999637  0.000524             
PAK3                              -4.863858e-08   1.000000  0.000072       -0.000142        0.000142             0.999858             1.000142     0.0 -0.000672  0.999464  0.000774             
BMP1                              -5.225506e-08   1.000000  0.000131       -0.000258        0.000257             0.999742             1.000257     0.0 -0.000398  0.999683  0.000458             
TTC29                             -5.648143e-08   1.000000  0.000089       -0.000174        0.000174             0.999826             1.000174     0.0 -0.000636  0.999493  0.000732             
CDC42BPA                          -7.006087e-08   1.000000  0.000109       -0.000214        0.000213             0.999787             1.000213     0.0 -0.000643  0.999487  0.000741             
PTRHD1                            -7.544850e-08   1.000000  0.000129       -0.000254        0.000254             0.999746             1.000254     0.0 -0.000583  0.999535  0.000671             
ODF2                              -7.764939e-08   1.000000  0.000147       -0.000288        0.000288             0.999712             1.000288     0.0 -0.000528  0.999579  0.000608             
PITPNA                            -7.785200e-08   1.000000  0.000150       -0.000294        0.000294             0.999706             1.000294     0.0 -0.000519  0.999586  0.000597             
PRSS22                            -8.754959e-08   1.000000  0.000151       -0.000296        0.000295             0.999705             1.000295     0.0 -0.000581  0.999537  0.000669             
NCAM1                             -9.494327e-08   1.000000  0.000186       -0.000364        0.000364             0.999636             1.000364     0.0 -0.000511  0.999592  0.000589             
LINC02708                         -9.795993e-08   1.000000  0.000244       -0.000478        0.000477             0.999523             1.000478     0.0 -0.000402  0.999679  0.000463             
GRN                               -1.039157e-07   1.000000  0.000155       -0.000304        0.000303             0.999696             1.000303     0.0 -0.000671  0.999464  0.000773             
FBXO39                            -1.054571e-07   1.000000  0.000330       -0.000646        0.000646             0.999354             1.000646     0.0 -0.000320  0.999745  0.000368             
KCNK2                             -1.080627e-07   1.000000  0.000182       -0.000358        0.000357             0.999643             1.000357     0.0 -0.000593  0.999527  0.000682             
Race_Unknown                      -1.117201e-07   1.000000  0.000179       -0.000351        0.000350             0.999649             1.000351     0.0 -0.000625  0.999502  0.000719             
DAAM2                             -1.198537e-07   1.000000  0.000226       -0.000443        0.000443             0.999557             1.000443     0.0 -0.000530  0.999577  0.000611             
GALR1                             -1.495164e-07   1.000000  0.000284       -0.000557        0.000557             0.999443             1.000557     0.0 -0.000526  0.999580  0.000606             
PPM1K                             -1.503290e-07   1.000000  0.000225       -0.000441        0.000441             0.999559             1.000441     0.0 -0.000668  0.999467  0.000769             
GJB4                              -1.800711e-07   1.000000  0.000274       -0.000537        0.000537             0.999463             1.000537     0.0 -0.000657  0.999475  0.000757             
Stage_I                           -4.060616e-07   1.000000  0.000626       -0.001227        0.001226             0.998774             1.001227     0.0 -0.000649  0.999482  0.000747             
Race_White                        -6.183635e-07   0.999999  0.001119       -0.002194        0.002193             0.997809             1.002195     0.0 -0.000553  0.999559  0.000636             
SPOP                              -5.192218e-03   0.994821  0.230926       -0.457799        0.447415             0.632675             1.564263     0.0 -0.022484  0.982062  0.026115             
Histology_Adenocarcinoma          -8.598163e-03   0.991439  0.220657       -0.441078        0.423882             0.643342             1.527881     0.0 -0.038966  0.968917  0.045554             
COL4A1                            -5.384579e-02   0.947578  0.131737       -0.312046        0.204355             0.731948             1.226733     0.0 -0.408736  0.682733  0.550606             
LINC01648                         -9.234301e-02   0.911792  0.401034       -0.878356        0.693670             0.415465             2.001045     0.0 -0.230262  0.817888  0.290025             
CALR                              -1.898330e-01   0.827097  0.212055       -0.605453        0.225787             0.545827             1.253309     0.0 -0.895206  0.370677  1.431766             
Stage_IA                          -4.332356e-01   0.648408  0.172600       -0.771525       -0.094946             0.462307             0.909422     0.0 -2.510057  0.012071  6.372293            *

Model metrics: -536.7168
0.7676

Train Concordance = 0.768
Concordance on test set = 0.560
Partial AIC = 1299.434
log-likelihood ratio test = 10.804 on 113 df
-log2(p) of ll-ratio test = -0.000