                                           coef  exp(coef)  se(coef)  coef lower 95%  coef upper 95%  exp(coef) lower 95%  exp(coef) upper 95%  cmp to         z         p  -log2(p) significance
covariate                                                                                                                                                                                        
Stage_IIIA                         2.687020e-01   1.308265  0.721067       -1.144562        1.681967             0.318363             5.376118     0.0  0.372645  0.709412  0.495303             
MSTN                               2.349140e-01   1.264800  0.410756       -0.570153        1.039981             0.565439             2.829163     0.0  0.571907  0.567385  0.817599             
DPEP3                              7.849285e-02   1.081656  0.188042       -0.290063        0.447049             0.748216             1.563691     0.0  0.417422  0.676370  0.564115             
Stage_IIB                          7.451732e-02   1.077364  0.243787       -0.403297        0.552332             0.668113             1.737299     0.0  0.305665  0.759860  0.396195             
ELOVL7                             6.156084e-02   1.063495  0.079362       -0.093985        0.217107             0.910296             1.242477     0.0  0.775699  0.437926  1.191240             
Smoked?                            4.825860e-02   1.049442  0.180293       -0.305110        0.401627             0.737042             1.494254     0.0  0.267667  0.788956  0.341984             
Sex                                4.165087e-02   1.042530  0.162205       -0.276265        0.359566             0.758612             1.432708     0.0  0.256779  0.797349  0.326717             
Age                                2.939878e-03   1.002944  0.008516       -0.013752        0.019632             0.986342             1.019826     0.0  0.345200  0.729944  0.454142             
Histology_Large Cell Carcinoma     4.659481e-07   1.000000  0.000701       -0.001374        0.001375             0.998627             1.001376     0.0  0.000664  0.999470  0.000765             
Adjuvant Chemo                     3.852964e-07   1.000000  0.000776       -0.001521        0.001522             0.998480             1.001523     0.0  0.000496  0.999604  0.000571             
Stage_IIIB                         3.666076e-07   1.000000  0.000544       -0.001066        0.001067             0.998935             1.001067     0.0  0.000674  0.999462  0.000776             
BRF1                               2.855402e-07   1.000000  0.000424       -0.000830        0.000830             0.999170             1.000831     0.0  0.000674  0.999462  0.000776             
LOC400627                          2.385385e-07   1.000000  0.000369       -0.000722        0.000723             0.999278             1.000723     0.0  0.000647  0.999484  0.000745             
Stage_IIA                          2.203316e-07   1.000000  0.000426       -0.000835        0.000835             0.999166             1.000835     0.0  0.000517  0.999587  0.000596             
LINC00330                          2.028405e-07   1.000000  0.000305       -0.000597        0.000598             0.999403             1.000598     0.0  0.000665  0.999469  0.000766             
LINC01252                          2.022674e-07   1.000000  0.000300       -0.000588        0.000588             0.999412             1.000588     0.0  0.000674  0.999462  0.000776             
Race_Caucasian                     2.011204e-07   1.000000  0.000302       -0.000591        0.000591             0.999409             1.000592     0.0  0.000667  0.999468  0.000768             
ZNF311                             1.745079e-07   1.000000  0.000316       -0.000619        0.000620             0.999381             1.000620     0.0  0.000552  0.999560  0.000636             
ZNF543                             1.686174e-07   1.000000  0.000338       -0.000661        0.000662             0.999339             1.000662     0.0  0.000500  0.999601  0.000575             
LOC101928526                       1.508385e-07   1.000000  0.000307       -0.000601        0.000601             0.999399             1.000602     0.0  0.000492  0.999608  0.000566             
Stage_II                           1.436421e-07   1.000000  0.000217       -0.000425        0.000425             0.999575             1.000426     0.0  0.000662  0.999472  0.000762             
TP53AIP1                           1.255372e-07   1.000000  0.000199       -0.000391        0.000391             0.999610             1.000391     0.0  0.000630  0.999498  0.000725             
Histology_Squamous Cell Carcinoma  1.202137e-07   1.000000  0.000191       -0.000374        0.000374             0.999626             1.000374     0.0  0.000630  0.999497  0.000726             
ZNF430                             1.188704e-07   1.000000  0.000176       -0.000346        0.000346             0.999654             1.000346     0.0  0.000674  0.999462  0.000776             
GGACT                              1.001934e-07   1.000000  0.000333       -0.000653        0.000654             0.999347             1.000654     0.0  0.000300  0.999760  0.000346             
FCHSD1                             9.136951e-08   1.000000  0.000198       -0.000387        0.000387             0.999613             1.000387     0.0  0.000463  0.999631  0.000533             
ZNF696                             8.670898e-08   1.000000  0.000187       -0.000367        0.000367             0.999633             1.000367     0.0  0.000463  0.999631  0.000533             
TFDP3                              7.615650e-08   1.000000  0.000237       -0.000465        0.000465             0.999535             1.000465     0.0  0.000321  0.999744  0.000369             
GAGE6                              6.929920e-08   1.000000  0.000112       -0.000220        0.000220             0.999780             1.000220     0.0  0.000617  0.999508  0.000710             
IL18R1                             6.909010e-08   1.000000  0.000105       -0.000207        0.000207             0.999793             1.000207     0.0  0.000655  0.999477  0.000754             
ERO1A                              6.686789e-08   1.000000  0.000102       -0.000200        0.000200             0.999800             1.000200     0.0  0.000656  0.999476  0.000756             
DPY19L2P4                          5.452905e-08   1.000000  0.000274       -0.000538        0.000538             0.999463             1.000538     0.0  0.000199  0.999841  0.000229             
LINC03040                          5.427881e-08   1.000000  0.000123       -0.000241        0.000241             0.999759             1.000241     0.0  0.000442  0.999648  0.000509             
USP46-DT                           5.270115e-08   1.000000  0.000136       -0.000267        0.000267             0.999733             1.000268     0.0  0.000386  0.999692  0.000445             
KIF11                              5.150366e-08   1.000000  0.000077       -0.000150        0.000150             0.999850             1.000150     0.0  0.000672  0.999464  0.000774             
BNIP1                              4.517254e-08   1.000000  0.000134       -0.000262        0.000262             0.999738             1.000262     0.0  0.000338  0.999731  0.000389             
COX6C                              4.113071e-08   1.000000  0.000102       -0.000199        0.000199             0.999801             1.000199     0.0  0.000405  0.999677  0.000466             
SLC35F5                            3.648763e-08   1.000000  0.000090       -0.000177        0.000177             0.999823             1.000177     0.0  0.000405  0.999677  0.000466             
RRAS2                              3.311937e-08   1.000000  0.000075       -0.000147        0.000147             0.999853             1.000147     0.0  0.000440  0.999649  0.000507             
EEF1B2                             3.242932e-08   1.000000  0.000127       -0.000248        0.000248             0.999752             1.000248     0.0  0.000256  0.999796  0.000295             
DEFB1                              2.994900e-08   1.000000  0.000046       -0.000091        0.000091             0.999909             1.000091     0.0  0.000646  0.999484  0.000744             
PNPLA7                             2.854604e-08   1.000000  0.000199       -0.000390        0.000390             0.999610             1.000390     0.0  0.000144  0.999885  0.000165             
ARID2                              2.578094e-08   1.000000  0.000092       -0.000180        0.000180             0.999820             1.000180     0.0  0.000281  0.999776  0.000324             
GNB2                               2.352106e-08   1.000000  0.000125       -0.000245        0.000245             0.999755             1.000245     0.0  0.000188  0.999850  0.000216             
MIR924HG                           1.944654e-08   1.000000  0.000153       -0.000301        0.000301             0.999700             1.000301     0.0  0.000127  0.999899  0.000146             
IL18RAP                            1.861219e-08   1.000000  0.000079       -0.000156        0.000156             0.999844             1.000156     0.0  0.000234  0.999813  0.000270             
BRINP1                             1.848169e-08   1.000000  0.000071       -0.000139        0.000139             0.999861             1.000139     0.0  0.000261  0.999792  0.000300             
PTP4A1                             1.818269e-08   1.000000  0.000063       -0.000124        0.000124             0.999876             1.000124     0.0  0.000287  0.999771  0.000330             
QPCT                               1.804360e-08   1.000000  0.000038       -0.000075        0.000075             0.999925             1.000075     0.0  0.000474  0.999622  0.000545             
MRPL19                             1.550669e-08   1.000000  0.000089       -0.000174        0.000174             0.999826             1.000174     0.0  0.000175  0.999860  0.000201             
PRRG4                              1.447097e-08   1.000000  0.000068       -0.000133        0.000133             0.999867             1.000133     0.0  0.000213  0.999830  0.000246             
TUNAR                              1.366344e-08   1.000000  0.000091       -0.000179        0.000179             0.999821             1.000179     0.0  0.000150  0.999881  0.000172             
Stage_IB                           1.200662e-08   1.000000  0.000098       -0.000192        0.000192             0.999808             1.000192     0.0  0.000122  0.999902  0.000141             
NR2C2AP                            1.043334e-08   1.000000  0.000122       -0.000240        0.000240             0.999760             1.000240     0.0  0.000085  0.999932  0.000098             
SPRR1B                             9.691727e-09   1.000000  0.000020       -0.000039        0.000039             0.999961             1.000039     0.0  0.000488  0.999611  0.000562             
U2AF1                              4.132942e-09   1.000000  0.000093       -0.000183        0.000183             0.999817             1.000183     0.0  0.000044  0.999965  0.000051             
MED13L                             3.340109e-09   1.000000  0.000091       -0.000179        0.000179             0.999821             1.000179     0.0  0.000037  0.999971  0.000042             
GABRR3                             2.780681e-09   1.000000  0.000287       -0.000562        0.000562             0.999438             1.000563     0.0  0.000010  0.999992  0.000011             
STEAP3                            -3.741565e-10   1.000000  0.000064       -0.000126        0.000126             0.999874             1.000126     0.0 -0.000006  0.999995  0.000007             
LTB4R2                            -2.610077e-09   1.000000  0.000156       -0.000305        0.000305             0.999695             1.000305     0.0 -0.000017  0.999987  0.000019             
FUS                               -3.461726e-09   1.000000  0.000126       -0.000246        0.000246             0.999754             1.000246     0.0 -0.000028  0.999978  0.000032             
GABRB2                            -8.850962e-09   1.000000  0.000066       -0.000130        0.000130             0.999870             1.000130     0.0 -0.000133  0.999894  0.000154             
S100B                             -9.780062e-09   1.000000  0.000077       -0.000151        0.000151             0.999849             1.000151     0.0 -0.000127  0.999899  0.000146             
RLN1                              -1.786347e-08   1.000000  0.000139       -0.000273        0.000273             0.999727             1.000273     0.0 -0.000128  0.999898  0.000147             
LINC00504                         -2.071127e-08   1.000000  0.000290       -0.000568        0.000568             0.999432             1.000569     0.0 -0.000071  0.999943  0.000082             
STC1                              -2.521417e-08   1.000000  0.000048       -0.000095        0.000095             0.999905             1.000095     0.0 -0.000521  0.999585  0.000599             
LINC02796                         -2.561925e-08   1.000000  0.000316       -0.000619        0.000619             0.999381             1.000619     0.0 -0.000081  0.999935  0.000093             
H2BC12                            -2.618921e-08   1.000000  0.000061       -0.000120        0.000120             0.999880             1.000120     0.0 -0.000429  0.999658  0.000493             
CD40LG                            -2.653260e-08   1.000000  0.000206       -0.000403        0.000403             0.999597             1.000403     0.0 -0.000129  0.999897  0.000148             
SPSB3                             -3.096532e-08   1.000000  0.000171       -0.000335        0.000335             0.999665             1.000335     0.0 -0.000181  0.999855  0.000209             
MYG1                              -4.530532e-08   1.000000  0.000125       -0.000245        0.000245             0.999755             1.000245     0.0 -0.000363  0.999710  0.000418             
KCNE3                             -4.835741e-08   1.000000  0.000098       -0.000192        0.000192             0.999808             1.000192     0.0 -0.000495  0.999605  0.000570             
PAK3                              -4.963942e-08   1.000000  0.000074       -0.000145        0.000145             0.999855             1.000145     0.0 -0.000671  0.999465  0.000772             
BMP1                              -6.166410e-08   1.000000  0.000136       -0.000266        0.000266             0.999734             1.000266     0.0 -0.000454  0.999638  0.000523             
CDC42BPA                          -7.012048e-08   1.000000  0.000109       -0.000214        0.000213             0.999786             1.000214     0.0 -0.000644  0.999487  0.000741             
PTRHD1                            -7.799127e-08   1.000000  0.000132       -0.000258        0.000258             0.999742             1.000258     0.0 -0.000593  0.999527  0.000683             
PITPNA                            -8.572556e-08   1.000000  0.000155       -0.000305        0.000304             0.999695             1.000304     0.0 -0.000552  0.999560  0.000635             
PRSS22                            -8.955486e-08   1.000000  0.000152       -0.000299        0.000298             0.999701             1.000299     0.0 -0.000588  0.999531  0.000677             
FBXO39                            -1.091348e-07   1.000000  0.000331       -0.000649        0.000648             0.999352             1.000649     0.0 -0.000330  0.999737  0.000380             
KCNK2                             -1.106963e-07   1.000000  0.000185       -0.000362        0.000362             0.999638             1.000362     0.0 -0.000600  0.999521  0.000691             
Race_Unknown                      -1.140327e-07   1.000000  0.000181       -0.000355        0.000355             0.999645             1.000355     0.0 -0.000630  0.999498  0.000725             
DAAM2                             -1.293354e-07   1.000000  0.000264       -0.000518        0.000518             0.999482             1.000518     0.0 -0.000489  0.999610  0.000563             
GALR1                             -1.532063e-07   1.000000  0.000287       -0.000562        0.000562             0.999438             1.000562     0.0 -0.000534  0.999574  0.000615             
GJB4                              -1.830175e-07   1.000000  0.000277       -0.000544        0.000543             0.999456             1.000543     0.0 -0.000660  0.999473  0.000760             
Stage_I                           -4.202881e-07   1.000000  0.000656       -0.001287        0.001286             0.998714             1.001287     0.0 -0.000641  0.999489  0.000737             
Race_White                        -6.440748e-07   0.999999  0.001210       -0.002372        0.002371             0.997630             1.002374     0.0 -0.000532  0.999575  0.000613             
SPOP                              -4.817999e-03   0.995194  0.231485       -0.458520        0.448884             0.632219             1.566562     0.0 -0.020813  0.983394  0.024158             
Histology_Adenocarcinoma          -7.410051e-03   0.992617  0.220724       -0.440021        0.425201             0.644023             1.529897     0.0 -0.033572  0.973219  0.039164             
LINC01648                         -8.672989e-02   0.916925  0.401050       -0.872773        0.699313             0.417791             2.012370     0.0 -0.216257  0.828787  0.270926             
CALR                              -1.960508e-01   0.821970  0.211464       -0.610513        0.218412             0.543072             1.244099     0.0 -0.927110  0.353869  1.498712             
Stage_IA                          -4.339214e-01   0.647963  0.172611       -0.772232       -0.095611             0.461981             0.908818     0.0 -2.513872  0.011941  6.387888            *

Model metrics: -536.8001
0.7608

Train Concordance = 0.761
Concordance on test set = 0.557
Partial AIC = 1255.600
log-likelihood ratio test = 10.637 on 91 df
-log2(p) of ll-ratio test = -0.000