                                           coef  exp(coef)  se(coef)  coef lower 95%  coef upper 95%  exp(coef) lower 95%  exp(coef) upper 95%  cmp to         z         p  -log2(p) significance
covariate                                                                                                                                                                                        
Stage_IIIA                         2.645545e-01   1.302850  0.720344       -1.147293        1.676402             0.317495             5.346285     0.0  0.367262  0.713424  0.487168             
MSTN                               2.278135e-01   1.255851  0.410770       -0.577280        1.032907             0.561423             2.809221     0.0  0.554601  0.579167  0.787948             
DPEP3                              7.784175e-02   1.080952  0.188006       -0.290644        0.446327             0.747782             1.562563     0.0  0.414038  0.678846  0.558844             
Stage_IIB                          7.648284e-02   1.079484  0.243712       -0.401185        0.554150             0.669526             1.740462     0.0  0.313824  0.753655  0.408025             
ELOVL7                             5.849477e-02   1.060239  0.079767       -0.097846        0.214836             0.906788             1.239658     0.0  0.733318  0.463364  1.109781             
Smoked?                            4.666124e-02   1.047767  0.180241       -0.306604        0.399926             0.735942             1.491715     0.0  0.258883  0.795726  0.329657             
Sex                                3.855792e-02   1.039311  0.162331       -0.279605        0.356721             0.756082             1.428637     0.0  0.237526  0.812248  0.300007             
Age                                3.091843e-03   1.003097  0.008543       -0.013651        0.019835             0.986441             1.020033     0.0  0.361931  0.717404  0.479143             
Histology_Large Cell Carcinoma     2.751593e-07   1.000000  0.000538       -0.001054        0.001055             0.998946             1.001056     0.0  0.000511  0.999592  0.000589             
Adjuvant Chemo                     2.343947e-07   1.000000  0.000634       -0.001242        0.001243             0.998759             1.001243     0.0  0.000370  0.999705  0.000426             
Stage_IIIB                         2.154641e-07   1.000000  0.000416       -0.000814        0.000815             0.999186             1.000815     0.0  0.000518  0.999586  0.000597             
IL1RL2                             1.920266e-07   1.000000  0.000465       -0.000912        0.000913             0.999088             1.000913     0.0  0.000413  0.999671  0.000475             
BRF1                               1.576748e-07   1.000000  0.000305       -0.000598        0.000598             0.999402             1.000598     0.0  0.000517  0.999588  0.000595             
LOC400627                          1.447309e-07   1.000000  0.000289       -0.000565        0.000566             0.999435             1.000566     0.0  0.000502  0.999600  0.000577             
Stage_IIA                          1.306230e-07   1.000000  0.000328       -0.000642        0.000643             0.999358             1.000643     0.0  0.000398  0.999682  0.000459             
Race_Caucasian                     1.198371e-07   1.000000  0.000234       -0.000458        0.000459             0.999542             1.000459     0.0  0.000512  0.999591  0.000590             
LINC01252                          1.178533e-07   1.000000  0.000227       -0.000445        0.000446             0.999555             1.000446     0.0  0.000518  0.999586  0.000597             
LINC00330                          1.159377e-07   1.000000  0.000228       -0.000447        0.000447             0.999553             1.000448     0.0  0.000508  0.999595  0.000585             
ZNF311                             1.006910e-07   1.000000  0.000232       -0.000455        0.000455             0.999545             1.000455     0.0  0.000434  0.999654  0.000499             
ZNF543                             1.002166e-07   1.000000  0.000260       -0.000509        0.000510             0.999491             1.000510     0.0  0.000386  0.999692  0.000444             
LOC101928526                       8.782537e-08   1.000000  0.000235       -0.000460        0.000461             0.999540             1.000461     0.0  0.000374  0.999702  0.000430             
Stage_II                           8.344949e-08   1.000000  0.000165       -0.000322        0.000323             0.999678             1.000323     0.0  0.000507  0.999595  0.000584             
TP53AIP1                           7.296651e-08   1.000000  0.000152       -0.000297        0.000297             0.999703             1.000297     0.0  0.000481  0.999616  0.000554             
Histology_Squamous Cell Carcinoma  7.126938e-08   1.000000  0.000147       -0.000288        0.000288             0.999712             1.000288     0.0  0.000485  0.999613  0.000559             
ZNF430                             6.596486e-08   1.000000  0.000128       -0.000251        0.000251             0.999749             1.000251     0.0  0.000515  0.999589  0.000593             
GGACT                              5.807037e-08   1.000000  0.000256       -0.000502        0.000502             0.999498             1.000502     0.0  0.000227  0.999819  0.000261             
FCHSD1                             5.401224e-08   1.000000  0.000152       -0.000298        0.000298             0.999702             1.000298     0.0  0.000356  0.999716  0.000409             
TIMM17B                            5.270298e-08   1.000000  0.000151       -0.000296        0.000296             0.999704             1.000296     0.0  0.000349  0.999721  0.000402             
ZNF696                             4.703990e-08   1.000000  0.000141       -0.000277        0.000277             0.999723             1.000277     0.0  0.000333  0.999734  0.000383             
ZBTB1                              4.536462e-08   1.000000  0.000098       -0.000193        0.000193             0.999807             1.000193     0.0  0.000461  0.999632  0.000531             
TFDP3                              4.404564e-08   1.000000  0.000182       -0.000357        0.000357             0.999643             1.000357     0.0  0.000242  0.999807  0.000278             
BVES-AS1                           4.383346e-08   1.000000  0.000169       -0.000331        0.000331             0.999669             1.000331     0.0  0.000260  0.999793  0.000299             
IL18R1                             4.283705e-08   1.000000  0.000084       -0.000165        0.000165             0.999835             1.000165     0.0  0.000510  0.999593  0.000587             
ERO1A                              4.278907e-08   1.000000  0.000087       -0.000171        0.000171             0.999829             1.000171     0.0  0.000491  0.999608  0.000565             
GAGE6                              3.983631e-08   1.000000  0.000083       -0.000162        0.000162             0.999838             1.000162     0.0  0.000482  0.999616  0.000555             
LINC03040                          3.448128e-08   1.000000  0.000096       -0.000188        0.000188             0.999812             1.000188     0.0  0.000359  0.999714  0.000413             
LINC02870                          3.369030e-08   1.000000  0.000151       -0.000295        0.000295             0.999705             1.000295     0.0  0.000224  0.999821  0.000258             
DPY19L2P4                          3.230504e-08   1.000000  0.000211       -0.000413        0.000414             0.999587             1.000414     0.0  0.000153  0.999878  0.000176             
KIF11                              3.156477e-08   1.000000  0.000061       -0.000119        0.000119             0.999881             1.000119     0.0  0.000518  0.999587  0.000597             
USP46-DT                           3.062239e-08   1.000000  0.000105       -0.000205        0.000205             0.999795             1.000205     0.0  0.000293  0.999767  0.000337             
C2CD4C                             3.018632e-08   1.000000  0.000142       -0.000277        0.000277             0.999723             1.000277     0.0  0.000213  0.999830  0.000246             
MAGEB2                             2.896179e-08   1.000000  0.000059       -0.000115        0.000115             0.999885             1.000115     0.0  0.000495  0.999605  0.000570             
BNIP1                              2.615234e-08   1.000000  0.000103       -0.000201        0.000201             0.999799             1.000201     0.0  0.000255  0.999797  0.000293             
ARHGAP27P1                         2.499612e-08   1.000000  0.000155       -0.000303        0.000303             0.999697             1.000303     0.0  0.000162  0.999871  0.000186             
COX6C                              2.324541e-08   1.000000  0.000078       -0.000152        0.000152             0.999848             1.000152     0.0  0.000300  0.999761  0.000345             
SLC35F5                            2.230281e-08   1.000000  0.000070       -0.000137        0.000137             0.999863             1.000137     0.0  0.000320  0.999745  0.000368             
RRAS2                              1.928161e-08   1.000000  0.000058       -0.000113        0.000113             0.999887             1.000113     0.0  0.000335  0.999733  0.000385             
EEF1B2                             1.866024e-08   1.000000  0.000097       -0.000190        0.000191             0.999810             1.000191     0.0  0.000192  0.999847  0.000221             
DEFB1                              1.834832e-08   1.000000  0.000037       -0.000072        0.000072             0.999928             1.000072     0.0  0.000502  0.999599  0.000578             
GNB2                               1.653539e-08   1.000000  0.000097       -0.000190        0.000190             0.999810             1.000190     0.0  0.000170  0.999864  0.000196             
ARID2                              1.520810e-08   1.000000  0.000070       -0.000138        0.000138             0.999862             1.000138     0.0  0.000216  0.999828  0.000248             
PNPLA7                             1.432878e-08   1.000000  0.000152       -0.000299        0.000299             0.999701             1.000299     0.0  0.000094  0.999925  0.000108             
MIR924HG                           1.208099e-08   1.000000  0.000118       -0.000231        0.000231             0.999769             1.000231     0.0  0.000102  0.999918  0.000118             
IL18RAP                            1.193727e-08   1.000000  0.000061       -0.000120        0.000120             0.999880             1.000120     0.0  0.000195  0.999845  0.000224             
QPCT                               1.163142e-08   1.000000  0.000030       -0.000059        0.000059             0.999941             1.000059     0.0  0.000387  0.999691  0.000446             
PTP4A1                             1.107770e-08   1.000000  0.000049       -0.000096        0.000096             0.999904             1.000096     0.0  0.000227  0.999819  0.000261             
BRINP1                             1.019709e-08   1.000000  0.000054       -0.000106        0.000106             0.999894             1.000106     0.0  0.000188  0.999850  0.000216             
PFAS                               9.340831e-09   1.000000  0.000076       -0.000149        0.000149             0.999851             1.000149     0.0  0.000123  0.999902  0.000141             
TUNAR                              7.568989e-09   1.000000  0.000070       -0.000137        0.000137             0.999863             1.000137     0.0  0.000108  0.999914  0.000124             
MRPL19                             7.550403e-09   1.000000  0.000068       -0.000133        0.000133             0.999867             1.000133     0.0  0.000111  0.999911  0.000128             
Stage_IB                           7.367854e-09   1.000000  0.000076       -0.000148        0.000148             0.999852             1.000148     0.0  0.000098  0.999922  0.000112             
PRRG4                              7.279419e-09   1.000000  0.000052       -0.000102        0.000102             0.999898             1.000102     0.0  0.000140  0.999888  0.000162             
SPRR1B                             5.850164e-09   1.000000  0.000015       -0.000030        0.000030             0.999970             1.000030     0.0  0.000381  0.999696  0.000438             
NR2C2AP                            5.122497e-09   1.000000  0.000094       -0.000184        0.000184             0.999816             1.000184     0.0  0.000054  0.999957  0.000063             
U2AF1                              2.134834e-09   1.000000  0.000072       -0.000140        0.000140             0.999860             1.000140     0.0  0.000030  0.999976  0.000034             
MED13L                             1.102471e-09   1.000000  0.000070       -0.000137        0.000137             0.999863             1.000137     0.0  0.000016  0.999987  0.000018             
STEAP3                            -1.236887e-09   1.000000  0.000049       -0.000097        0.000097             0.999903             1.000097     0.0 -0.000025  0.999980  0.000029             
FUS                               -1.276164e-09   1.000000  0.000097       -0.000190        0.000190             0.999810             1.000190     0.0 -0.000013  0.999989  0.000015             
LTB4R2                            -1.885919e-09   1.000000  0.000120       -0.000235        0.000235             0.999765             1.000235     0.0 -0.000016  0.999987  0.000018             
GABRR3                            -2.446123e-09   1.000000  0.000221       -0.000433        0.000433             0.999567             1.000433     0.0 -0.000011  0.999991  0.000013             
UBE2J1                            -4.669989e-09   1.000000  0.000063       -0.000124        0.000124             0.999876             1.000124     0.0 -0.000074  0.999941  0.000085             
GABRB2                            -5.219872e-09   1.000000  0.000051       -0.000100        0.000100             0.999900             1.000100     0.0 -0.000102  0.999918  0.000118             
S100B                             -5.382605e-09   1.000000  0.000059       -0.000116        0.000116             0.999884             1.000116     0.0 -0.000091  0.999927  0.000105             
DPYD                              -5.624434e-09   1.000000  0.000088       -0.000173        0.000173             0.999827             1.000173     0.0 -0.000064  0.999949  0.000073             
TRIOBP                            -5.838736e-09   1.000000  0.000100       -0.000196        0.000196             0.999804             1.000196     0.0 -0.000058  0.999953  0.000067             
SDC2                              -7.271482e-09   1.000000  0.000041       -0.000081        0.000081             0.999919             1.000081     0.0 -0.000177  0.999859  0.000203             
RLN1                              -9.104312e-09   1.000000  0.000107       -0.000210        0.000210             0.999790             1.000210     0.0 -0.000085  0.999932  0.000098             
DDI2                              -1.011096e-08   1.000000  0.000089       -0.000175        0.000175             0.999825             1.000175     0.0 -0.000113  0.999909  0.000131             
STC1                              -1.263390e-08   1.000000  0.000036       -0.000070        0.000070             0.999930             1.000070     0.0 -0.000356  0.999716  0.000410             
LINC02796                         -1.448848e-08   1.000000  0.000243       -0.000476        0.000476             0.999524             1.000476     0.0 -0.000060  0.999952  0.000069             
H2BC12                            -1.492421e-08   1.000000  0.000047       -0.000091        0.000091             0.999909             1.000091     0.0 -0.000320  0.999745  0.000368             
LINC00504                         -1.688840e-08   1.000000  0.000224       -0.000438        0.000438             0.999562             1.000438     0.0 -0.000076  0.999940  0.000087             
LOC100506405                      -1.811250e-08   1.000000  0.000085       -0.000167        0.000167             0.999833             1.000167     0.0 -0.000213  0.999830  0.000245             
CD40LG                            -1.910420e-08   1.000000  0.000159       -0.000311        0.000311             0.999689             1.000311     0.0 -0.000120  0.999904  0.000138             
SPSB3                             -2.017065e-08   1.000000  0.000132       -0.000259        0.000259             0.999741             1.000259     0.0 -0.000153  0.999878  0.000176             
SYS1                              -2.388629e-08   1.000000  0.000115       -0.000225        0.000225             0.999775             1.000225     0.0 -0.000208  0.999834  0.000239             
MYG1                              -2.530210e-08   1.000000  0.000095       -0.000187        0.000187             0.999813             1.000187     0.0 -0.000266  0.999788  0.000306             
GGPS1                             -2.615739e-08   1.000000  0.000075       -0.000148        0.000148             0.999852             1.000148     0.0 -0.000347  0.999723  0.000400             
KCNE3                             -2.645351e-08   1.000000  0.000074       -0.000144        0.000144             0.999856             1.000144     0.0 -0.000359  0.999713  0.000414             
PAK3                              -2.946742e-08   1.000000  0.000057       -0.000112        0.000112             0.999888             1.000112     0.0 -0.000516  0.999588  0.000594             
BMP1                              -3.208717e-08   1.000000  0.000102       -0.000199        0.000199             0.999801             1.000199     0.0 -0.000315  0.999748  0.000363             
TTC29                             -3.440508e-08   1.000000  0.000070       -0.000136        0.000136             0.999864             1.000136     0.0 -0.000494  0.999606  0.000569             
CDC42BPA                          -4.265689e-08   1.000000  0.000085       -0.000167        0.000167             0.999833             1.000167     0.0 -0.000499  0.999602  0.000575             
PTRHD1                            -4.607771e-08   1.000000  0.000101       -0.000198        0.000198             0.999802             1.000198     0.0 -0.000456  0.999636  0.000525             
ODF2                              -4.751567e-08   1.000000  0.000114       -0.000224        0.000224             0.999776             1.000224     0.0 -0.000415  0.999669  0.000478             
PITPNA                            -4.765372e-08   1.000000  0.000117       -0.000229        0.000229             0.999771             1.000229     0.0 -0.000408  0.999674  0.000470             
PRSS22                            -5.347242e-08   1.000000  0.000118       -0.000231        0.000231             0.999769             1.000231     0.0 -0.000454  0.999637  0.000523             
NCAM1                             -5.812904e-08   1.000000  0.000144       -0.000283        0.000283             0.999717             1.000283     0.0 -0.000402  0.999679  0.000463             
LINC02708                         -6.014647e-08   1.000000  0.000189       -0.000370        0.000370             0.999630             1.000370     0.0 -0.000319  0.999746  0.000367             
GRN                               -6.309368e-08   1.000000  0.000122       -0.000239        0.000239             0.999761             1.000239     0.0 -0.000518  0.999587  0.000596             
FBXO39                            -6.485378e-08   1.000000  0.000255       -0.000499        0.000499             0.999501             1.000499     0.0 -0.000255  0.999797  0.000293             
KCNK2                             -6.596892e-08   1.000000  0.000142       -0.000279        0.000279             0.999721             1.000279     0.0 -0.000463  0.999631  0.000533             
Race_Unknown                      -6.809758e-08   1.000000  0.000140       -0.000275        0.000274             0.999725             1.000274     0.0 -0.000486  0.999612  0.000560             
DAAM2                             -7.480415e-08   1.000000  0.000194       -0.000380        0.000380             0.999620             1.000380     0.0 -0.000386  0.999692  0.000444             
PPM1K                             -9.100328e-08   1.000000  0.000178       -0.000349        0.000349             0.999651             1.000349     0.0 -0.000511  0.999592  0.000589             
GALR1                             -9.149920e-08   1.000000  0.000221       -0.000434        0.000434             0.999566             1.000434     0.0 -0.000413  0.999670  0.000476             
GJB4                              -1.095189e-07   1.000000  0.000215       -0.000422        0.000422             0.999578             1.000422     0.0 -0.000509  0.999594  0.000586             
LOC100420872                      -2.420245e-07   1.000000  0.000486       -0.000954        0.000953             0.999047             1.000954     0.0 -0.000498  0.999603  0.000573             
Stage_I                           -2.454030e-07   1.000000  0.000495       -0.000971        0.000971             0.999029             1.000971     0.0 -0.000495  0.999605  0.000570             
Race_White                        -3.725315e-07   1.000000  0.000891       -0.001746        0.001745             0.998256             1.001747     0.0 -0.000418  0.999666  0.000482             
SPOP                              -5.192341e-03   0.994821  0.230926       -0.457799        0.447414             0.632675             1.564262     0.0 -0.022485  0.982061  0.026115             
Histology_Adenocarcinoma          -8.598216e-03   0.991439  0.220657       -0.441078        0.423882             0.643342             1.527881     0.0 -0.038966  0.968917  0.045555             
COL4A1                            -5.384581e-02   0.947578  0.131737       -0.312046        0.204355             0.731948             1.226733     0.0 -0.408736  0.682733  0.550606             
LINC01648                         -9.234303e-02   0.911792  0.401034       -0.878356        0.693670             0.415465             2.001045     0.0 -0.230262  0.817888  0.290025             
CALR                              -1.898330e-01   0.827097  0.212055       -0.605453        0.225787             0.545827             1.253309     0.0 -0.895207  0.370677  1.431767             
Stage_IA                          -4.332356e-01   0.648408  0.172600       -0.771525       -0.094946             0.462307             0.909422     0.0 -2.510058  0.012071  6.372294            *

Model metrics: -536.7168
0.7676

Train Concordance = 0.768
Concordance on test set = 0.560
Partial AIC = 1305.434
log-likelihood ratio test = 10.804 on 116 df
-log2(p) of ll-ratio test = -0.000